2.809089932954487168e-01
1.988714762371671108e-01
2.321928094887362182e+00
4.442413733665547764e-16
7.299999999999999822e+00
2.581469194880010587e-01
4.247129791633371121e-01
0.000000000000000000e+00
3.399013311204964194e-01
3.432253678903950805e-02
3.321928094887362182e+00
3.221802912579136979e-01
3.063648419107838916e-01
4.264864809253020306e-02
5.221021250104414951e-02
2.114902691250615807e-01
2.594906302664322428e+00
3.396827576920809832e+00
1.000000000000000056e-01
0.000000000000000000e+00
nan
nan
1.315018597875934958e+01
nan
nan
1.369863013698630061e-01
2.859901635993651881e-01
1.306249766134564838e-01
4.665906023137578629e+00
8.380464822211804166e-02
1.396340930324091900e+01
1.559738491069425415e+01
4.700620518142099027e+05
1.307737354660828688e-01
3.000358847151002664e-02
2.109313396506849347e+00
2.773389325772161573e+00
9.572418048478944711e-12
8.888803924653810862e-01
-1.546338367123287032e-02
9.651780175608639656e-01
-8.890744409589040886e-01
4.995276490971998218e-01
9.779501666371469559e-01
8.380464822211804166e-02
1.460000000000000000e+03
0.000000000000000000e+00
0.000000000000000000e+00
1.000000000000000000e+01
1.946782840564469930e-01
9.000000000000000000e+00
2.000000000000000000e+02
0.000000000000000000e+00
1.460000000000000000e+03
1.460000000000000000e+03
1.374280586169046803e+00
nan
2.042807405728678916e+00
2.998387837465753769e+00
2.727654883596199120e+00
2.468274094100303482e+05
3.785986480682370092e-01
2.611513836181367787e-01
nan
7.361117650331842066e-01
3.049672408763465459e+00
5.188744022999189286e-08
1.143879235869552933e-06
-1.709096119069343500e-02
9.449206646551588928e-01
2.114902691250615530e-01
3.132327967160914439e-01
1.737984882155798983e-11
