1.160120884371481365e-01
6.637926836090118909e-02
3.169908409357554024e+00
0.000000000000000000e+00
2.253521126760563431e-01
3.395951946670696109e-01
8.159189127052968171e-01
0.000000000000000000e+00
2.408941205181236167e-01
4.217209902540827726e-02
5.201999516278599245e+00
5.948090248353032905e-01
2.720813430749135509e-01
1.940959389974802191e-02
1.136707060954550083e-02
3.156701328628997577e-02
2.985728286700374823e-01
4.473034317022395179e+00
2.702702702702702853e-02
2.875523051557502680e-03
nan
nan
9.975046474237719840e-01
nan
nan
4.437500000000000000e+00
1.215262457670454460e-01
2.162294227283778972e-02
7.208939088915610860e+00
1.659819798599134755e-01
7.806684729519994370e+00
4.217604444627544247e+00
1.156148523996775168e+02
8.941452972422013479e-02
1.599463459358399509e-02
8.144547334284659712e-01
9.158053584072083364e-01
9.064907284402194432e-11
9.840189295339764053e-01
1.039096892045450948e-03
9.923197958357415915e-01
-7.977429590284089711e-01
8.361686731261661620e-01
1.162968836720541965e+00
1.659819798599134755e-01
1.760000000000000000e+02
0.000000000000000000e+00
0.000000000000000000e+00
3.700000000000000000e+01
6.603896103896104153e-01
3.600000000000000000e+01
7.810000000000000000e+02
0.000000000000000000e+00
1.760000000000000000e+02
1.760000000000000000e+02
1.725703655393195923e+00
nan
2.745202478853152073e+01
1.612197692456874831e+00
2.669585746039949692e-01
3.211526764702793635e+00
1.751667273970032024e-01
2.981073998978556183e-02
nan
1.412401350256577148e-01
1.630070479310905318e+00
7.471161317315136178e-08
3.433484338376670335e-07
3.599961111078111165e-04
9.928165730236268027e-01
3.156701328628997577e-02
1.006518257616660292e-02
3.312738224362907920e-23
