9.206658900821133862e-02
8.585663510916845265e-02
2.321859697383320320e+00
2.491928838119591332e-05
1.189573459715639769e+00
9.994532807675073904e-01
7.585026496260461899e-04
0.000000000000000000e+00
7.949034298972329493e-02
4.021680028896649356e-02
1.576854326492239000e+00
3.194612798123159791e-01
2.530665553421522773e-01
4.510647850452755014e-02
5.827086772986739965e-02
1.396268858848331851e-01
1.172156530641131233e+00
6.410305833652851781e+00
3.333333333333333148e-01
4.378011519921333472e-02
nan
nan
5.481741759980610418e+00
nan
nan
8.406374501992032178e-01
3.587304334717131282e-01
1.537533503958107006e-01
3.652726645517718307e+00
1.258662621233485324e-01
7.137694770114673126e+00
5.810059983309257881e+00
4.864426212092221976e+04
2.560285984668611570e-01
1.037902200942352748e-01
1.385356001905577727e+00
8.780227763808405861e-01
5.254426022215866028e-11
9.276200691301571544e-01
-1.311340341984074988e-03
9.660681748885664444e-01
-1.265145334188047865e+00
6.149233023709058665e-01
2.459873783578409023e-01
1.258663882776927812e-01
2.510000000000000000e+02
0.000000000000000000e+00
0.000000000000000000e+00
3.000000000000000000e+00
2.318087649402390538e-01
2.000000000000000000e+00
2.110000000000000000e+02
0.000000000000000000e+00
2.510000000000000000e+02
2.510000000000000000e+02
8.438938342623750088e+00
nan
1.997814296200137285e+00
2.650501336093625593e+00
8.150107467066947109e-01
4.818335772666061530e+04
3.510022188312599267e-01
1.284134945144275175e-01
nan
-5.870512880709697484e-02
1.835882711700225434e+00
2.285814914997425564e-05
2.039413951803233940e-06
1.365802489472576348e-03
9.608046000991388169e-01
1.396268858848331018e-01
1.050042883886745243e-01
4.493056001773585661e-08
