7.306572593528329329e-02
5.659318804660438268e-02
1.584068055375490447e+00
4.445235270295131296e-16
1.280000000000000071e+01
9.992384372320958219e-01
nan
0.000000000000000000e+00
4.211857923234629125e-02
4.623883489087392967e-02
1.000000000000000000e+00
2.074523229762470500e-01
1.893621903537976159e-01
1.831974028191083459e-01
1.754161523475419038e-01
9.071165724891000481e-01
5.743670098496361121e+00
1.547485959120265164e+01
5.000000000000000000e-01
0.000000000000000000e+00
nan
nan
1.031975727291248113e+01
nan
nan
7.812500000000000000e-02
1.353533522670117284e+00
2.704718476738093291e-01
2.519447113640517877e+00
7.879516048766596614e-02
-7.234121608026102823e-01
3.475002323544429950e-01
6.557947965646135344e+02
1.010898682170839447e+00
2.155199002209039483e-01
1.942869471386718727e+00
3.017891574875516403e-01
-1.262895100995198305e-10
3.373878216932444940e-01
-2.775402611604687458e-02
4.121723021619433935e-01
-1.777083960611328006e+00
4.405439855744779920e-01
6.462094173497334726e-02
7.879516048766596614e-02
5.120000000000000000e+02
0.000000000000000000e+00
0.000000000000000000e+00
2.000000000000000000e+00
6.026021281800390816e-02
1.000000000000000000e+00
4.000000000000000000e+01
4.540000000000000000e+02
5.120000000000000000e+02
6.000000000000000000e+01
2.351323073984513812e+01
nan
9.984774544420410569e-01
3.719953431998046955e+00
4.750808003252164902e-01
6.557947965646135344e+02
9.439706856271896651e-01
1.267568483681572877e-01
nan
1.416933132937689410e-01
2.840996511693490434e-01
0.000000000000000000e+00
0.000000000000000000e+00
-2.789859717759676783e-02
3.752261187742067516e-01
9.071165724891001592e-01
2.276484202319682126e-01
1.522545557958943519e-03
