1.498531281847664265e-01
1.884817968145834355e-01
2.321874157027094654e+00
1.671182668361021861e-04
7.111111111111111382e-01
9.843878045945416710e-01
1.113960524815413994e-02
0.000000000000000000e+00
6.785899055441543815e-02
5.528033311237633834e-02
1.584962500721156076e+00
3.009835002906758317e-01
3.317120298462514216e-01
1.656650584639348112e-01
3.005238756050698790e-01
3.986042850402051196e-01
3.903734312807128681e+00
6.811546042520417288e+00
3.333333333333333148e-01
0.000000000000000000e+00
nan
nan
6.518080984826142732e+00
nan
nan
1.406250000000000000e+00
8.183044221876172308e-01
8.854190727071605815e-01
3.674149028416058282e+00
1.961541384370462382e-01
6.954800780669984306e+00
1.858137017544864733e+01
8.442911597059992346e+01
1.944411329157994528e-01
2.626375075141369475e-01
1.087907597968750029e+00
4.736512659632275968e-01
1.748488291271146911e-01
1.241325336477403091e-01
3.325222157460937522e-01
4.095327021041960114e-01
-7.437510408703125186e-01
6.486033815444810502e-01
2.326876293321928635e-01
1.961561777450293309e-01
1.280000000000000000e+02
0.000000000000000000e+00
0.000000000000000000e+00
3.000000000000000000e+00
2.394192913385826682e-01
2.000000000000000000e+00
1.800000000000000000e+02
1.000000000000000000e+00
1.280000000000000000e+02
6.000000000000000000e+01
8.978502783713986801e+00
nan
1.938162790474007746e+00
1.831658638839062547e+00
1.055047102025739036e+00
6.388966304462048384e+01
5.056068841644667522e-01
3.795940989735134274e-01
nan
8.861619007547778537e-01
2.197351795158276833e+00
2.177918925762421950e-04
2.434585339719621047e-04
2.142856689386920532e-01
2.145109072815120088e-01
3.986042850402052862e-01
4.090799461812316129e-01
7.154673379631340535e-04
