1.771423872491021401e-01
1.483013680072027274e-01
1.584068055375490447e+00
4.445235270295131296e-16
1.280000000000000071e+01
9.998924788116829721e-01
nan
0.000000000000000000e+00
5.067128795686986348e-02
5.152074278854831824e-02
1.000000000000000000e+00
3.516023957253425203e-01
2.589305872984825063e-01
2.581807376567080148e-01
2.704289876185887453e-01
7.173035615826632849e-01
8.469275833806387155e+00
1.254276262190913194e+01
5.000000000000000000e-01
0.000000000000000000e+00
nan
nan
9.956553347005353771e+00
nan
nan
7.812500000000000000e-02
1.142606270181323325e+00
4.748171965374480274e-01
2.504340803083141331e+00
9.047729266260312597e-02
-4.568512737213961672e-01
8.769400350088507601e-01
4.649496237709150591e+03
8.173249141249570027e-01
3.295677473032345706e-01
1.560331758339843722e+00
4.694920109533907149e-01
-1.401439450599006875e-10
5.470469775092884346e-01
6.642677180488282263e-02
6.567820894789138109e-01
-1.684255215920117177e+00
7.057638833470962769e-01
7.972725229234946254e-02
9.047729266260311209e-02
5.120000000000000000e+02
0.000000000000000000e+00
0.000000000000000000e+00
2.000000000000000000e+00
2.615964408023483401e-01
1.000000000000000000e+00
4.000000000000000000e+01
3.020000000000000000e+02
5.120000000000000000e+02
1.570000000000000000e+02
1.886858959552398574e+01
nan
9.997849691841719233e-01
3.244586974259960677e+00
8.310656544195231810e-01
4.649496237709150591e+03
8.155809193007002023e-01
2.285461526805971921e-01
nan
-9.081908915920822167e-02
4.725282698184511965e-01
0.000000000000000000e+00
0.000000000000000000e+00
2.216656495629899803e-02
5.976609228536723384e-01
7.173035615826635070e-01
3.960864690887772044e-01
2.150308158280767317e-04
