2.652272277272679779e-01
2.179176814573406673e-01
1.584962500721155854e+00
2.222812002025127387e-16
7.833333333333333037e+00
9.998515409738956139e-01
1.434486233309994866e-04
0.000000000000000000e+00
1.554165916666494784e-01
7.204935243437060599e-02
2.321928094887362626e+00
5.427577359551625236e-01
2.981721351323649016e-01
1.178583475725500235e-01
2.461612418005994229e-01
3.356591561255318212e-01
5.954141965589158758e+00
8.695727737717891870e+00
2.000000000000000111e-01
0.000000000000000000e+00
nan
nan
2.153363052363947716e+01
nan
nan
1.276595744680850963e-01
3.742169836730739330e-01
2.807401753510997411e-01
3.639871185051774649e+00
1.249829934059321218e-01
1.302697593362557082e+00
1.680925460424156359e+00
1.021601843967075692e+06
2.869996858547473328e-01
2.334103576356194587e-01
9.157226423361701784e-01
7.496402429387704069e-01
-2.398402233317957423e-11
8.180656450074559327e-01
3.075318271272337728e-02
9.493022619343051138e-01
-8.656448144157445901e-01
9.584163370689223749e-01
2.670194105567442744e-01
1.249829934059321218e-01
4.700000000000000000e+02
0.000000000000000000e+00
0.000000000000000000e+00
5.000000000000000000e+00
5.441818264301592212e-01
4.000000000000000000e+00
6.000000000000000000e+01
7.700000000000000000e+01
4.700000000000000000e+02
3.350000000000000000e+02
4.935757619329834256e+00
nan
3.998812477684017708e+00
1.781367456751915102e+00
1.351882399112306121e+00
1.009509806021342520e+06
4.323906534807366864e-01
3.860240032716450997e-01
nan
4.657098512376399713e-01
1.257006089588040387e+00
0.000000000000000000e+00
0.000000000000000000e+00
1.178944446416446863e-02
9.462450208509366467e-01
3.356591561255319323e-01
6.660854538366978161e-01
3.310599443701695677e-17
