3.667645903844049537e-02
2.167554273745243149e-02
3.169910005071469694e+00
4.458341643514235393e-16
1.376344086021505375e-01
8.598294444282141846e-01
1.651454500915535972e-01
0.000000000000000000e+00
4.369027820140089502e-02
3.221282932460584059e-02
1.584962500721156076e+00
2.488724530936053947e-01
1.752170996654206225e-01
1.646796406037165095e-01
1.447722447393104406e-01
6.433426308207610411e-01
2.495647188446896703e+00
5.876343279837959344e+00
3.333333333333333148e-01
0.000000000000000000e+00
nan
nan
6.139251306333001423e+00
nan
nan
7.265625000000000000e+00
1.045828273537890762e+00
3.279484107780284985e-01
4.485153324110498829e+00
2.034459023012890055e-01
3.663086377706397112e-01
1.057490408379232916e+00
2.185775356428260352e+01
7.442683760297739148e-01
2.187377544732114210e-01
2.596251106249999996e+00
7.403214884280415742e-01
-9.189798227948742237e-12
5.935392930960690094e-01
-5.386428954257812401e-02
6.558098940140559829e-01
-2.074048994531249690e+00
5.036710782675511977e-01
2.697191816821262189e-01
2.034459023012889778e-01
1.280000000000000000e+02
0.000000000000000000e+00
0.000000000000000000e+00
3.000000000000000000e+00
8.612204724409448786e-02
2.000000000000000000e+00
9.300000000000000000e+02
1.500000000000000000e+01
1.280000000000000000e+02
1.090000000000000000e+02
1.075263095973397576e+01
nan
1.505886366697404721e+00
4.670300100781250130e+00
6.096213482386982907e-01
2.062496672547364085e+01
7.845104872017349962e-01
1.676469519974154443e-01
1.240772141883999424e+00
3.374397059172324909e-01
5.374976324988381959e-01
0.000000000000000000e+00
0.000000000000000000e+00
-4.213160261788428257e-02
6.325745465127007305e-01
6.433426308207614852e-01
2.730410813095343059e-01
2.071081973293293840e-02
