9.056637723075565416e-02
5.714983231096620875e-02
2.806239481184063411e+00
2.329591725451972146e-03
6.611570247933884481e-02
9.322187718236597531e-01
nan
0.000000000000000000e+00
5.900235319233540499e-02
5.168518081520982743e-02
8.641588586638195846e-01
3.962269549209738173e-01
2.578861325172454033e-01
1.022955623689893764e+04
1.371151751338422946e+04
2.664924493807994077e+04
8.715782797140942421e+04
3.093465621712877756e+00
5.000000000000000000e-01
3.019326476140905546e-01
5.902105306446195527e+02
4.935233510234979235e+02
8.049517090336438514e+02
5.732945953081460857e+02
4.917629563360510474e+02
1.512500000000000000e+01
2.025416666666666572e+02
1.430167150968775900e+02
3.391048586419775912e+00
2.576682109470283533e-01
6.383740952400491331e+00
1.135801646968012513e+01
6.635443521962920421e+00
1.232411250000000109e+02
9.019714382877604919e+01
1.202000000000000000e+03
6.728462580385817091e+02
6.101290174471992032e+02
4.937968575869475103e+02
5.772083333333333712e+02
4.886860803674763361e+02
3.317500000000000000e+02
3.303758399946550526e+02
2.793497534281074723e-01
2.573818617057976876e-01
2.400000000000000000e+01
0.000000000000000000e+00
0.000000000000000000e+00
2.000000000000000000e+00
3.152173913043478382e-01
1.000000000000000000e+00
3.630000000000000000e+02
0.000000000000000000e+00
2.400000000000000000e+01
2.000000000000000000e+01
9.045612880436166847e+00
nan
8.690318385404126600e-01
8.702500000000000000e+02
4.101936181217670878e+02
6.635443521962920421e+00
1.398710284523734799e+02
8.598487432862741286e+01
1.112232870174725941e+00
1.300840155584019220e+00
1.136779224160854973e+00
3.420273703752804012e-03
4.524091727854608232e-03
5.920361491628615340e+02
4.911126280649184537e+02
2.664924493807994804e+04
2.427440009047236163e+04
1.309681614595873678e-01
