3.215850015306744858e-01
1.278280921710106821e-01
2.807320037933677792e+00
3.377286275956695043e-06
1.439999999999999947e+00
9.998979418978223288e-01
nan
0.000000000000000000e+00
1.530032253992620259e-02
2.859841872635305281e-03
1.000000000000000000e+00
1.550794108500559987e-01
1.528642037261087050e-01
1.212353800332922338e-01
1.440639538650973772e-01
9.367117747794754257e-01
5.074205057493252014e+00
1.447913316761995972e+01
5.000000000000000000e-01
0.000000000000000000e+00
nan
nan
2.828209292593931945e+00
nan
nan
6.944444444444444198e-01
6.151214578648263043e-01
3.360022129187432705e-01
3.738255129943444555e+00
1.368334765716896703e-02
1.451977902748751426e+01
1.386683919343867721e+01
4.898420086775696291e+03
2.654961879354907350e-01
4.126646143605129657e-02
6.652060083055557627e+00
2.754317659370018490e+00
-1.387881217359184354e-10
2.527082417161014560e-01
-2.668097610486111493e-01
4.989310683206142627e-02
-1.705934921527777925e+00
4.240435224581182161e-01
6.906490799023276561e-02
1.368360023519883152e-02
7.200000000000000000e+02
0.000000000000000000e+00
0.000000000000000000e+00
2.000000000000000000e+00
5.650981301189924449e-02
1.000000000000000000e+00
5.000000000000000000e+02
0.000000000000000000e+00
7.200000000000000000e+02
7.200000000000000000e+02
3.964756067336963952e+01
nan
9.997958942115008352e-01
8.357995004583333554e+00
2.822184210881534039e+00
4.898420086775696291e+03
9.303345484886396122e-01
2.669989032833627318e-01
nan
2.818179856856665388e+00
1.061370228586566711e+00
5.999229502976945527e-06
2.337255014229655326e-06
-2.189074613861371477e-01
1.183161832680438008e-01
9.367117747794755367e-01
4.710178030632850010e-01
2.041057884991648579e-04
