5.851954097989674891e-02
7.101156642366920901e-02
3.169903632280152816e+00
4.448312140598117598e-16
3.846153846153846367e-01
8.044930057105668941e-02
3.014439876946788388e-01
0.000000000000000000e+00
5.064646097844803518e-02
1.367540244824573363e-02
3.584962500721156964e+00
3.133604844787027388e-01
2.429108476318735943e-01
2.546092386227014059e-01
1.797195083321186659e-01
9.961296930183840548e-01
5.416005169406550301e+00
1.174501713674403014e+01
8.333333333333332871e-02
0.000000000000000000e+00
nan
nan
1.534714980431381903e+01
nan
nan
2.600000000000000089e+00
1.238602081953333434e+00
3.134362095221645550e-01
6.449633500389333030e+00
7.508845482435101693e-02
3.134918071164233488e+00
4.239712262200249882e+00
2.092482745437903358e+00
8.955215670340741507e-01
2.360099903592864645e-01
5.187446151333333866e+00
2.593089168923899290e+00
-2.062994219897973300e-12
4.266298252941685271e-02
-1.153958516313833421e-01
1.006377759116363069e-01
-2.829548878333333572e+00
1.005080496846826765e+00
3.052326326119763622e-01
7.508845482435101693e-02
3.000000000000000000e+02
0.000000000000000000e+00
0.000000000000000000e+00
1.200000000000000000e+01
1.645707915273132427e-01
1.100000000000000000e+01
7.800000000000000000e+02
0.000000000000000000e+00
3.000000000000000000e+02
2.420000000000000000e+02
9.385205556674073080e+00
nan
9.798777667587912354e-01
8.016995029666666994e+00
3.250406609408056813e+00
1.712876564782385147e+00
9.704300203965294802e-01
2.336176202827978943e-01
nan
8.852275546727056410e-01
6.606522650779208528e-01
5.492927032506447603e-09
9.514028702569709937e-08
-8.228739344332436367e-02
8.741462798218144203e-02
9.961296930183840548e-01
4.425361255200255806e-01
2.562807980744151726e-01
