5.196461922846436210e-02
3.528023233219260840e-02
4.807018526727401486e+00
2.223456725874582078e-04
1.916666666666666562e-03
-4.051212596520680637e-02
9.518194457548388998e-01
0.000000000000000000e+00
8.356043614118735530e-02
1.680139716061559291e-02
4.584962500721156076e+00
5.797254099369754110e-01
2.459512953479000563e-01
2.740868658525194568e-02
1.250609668611995552e-02
4.763118240244500895e-02
2.044988293209326902e-01
3.831507878596885242e+00
4.166666666666666435e-02
0.000000000000000000e+00
nan
nan
2.402469533306159200e+00
nan
nan
5.217391304347826235e+02
3.848421195652174109e-01
5.364901503695464896e-02
8.195334003353126562e+00
1.845361739158054848e-01
-9.505351735362981280e-01
5.146642941330146215e-01
1.515226034410561624e+02
2.745522191086956498e-01
3.604003780563908715e-02
8.648658695652173822e-01
3.748237254296044735e-02
4.502294820513133011e-01
3.416069330465078269e-02
4.532555434782609138e-01
4.877849164252919673e-02
-1.805979565217391281e-01
1.817540236562660283e-01
1.196647024095429890e+00
1.845802464398095810e-01
4.600000000000000000e+01
0.000000000000000000e+00
0.000000000000000000e+00
2.400000000000000000e+01
6.444444444444443754e-01
2.300000000000000000e+01
2.400000000000000000e+04
0.000000000000000000e+00
4.600000000000000000e+01
5.000000000000000000e+00
3.017073063262849519e+00
nan
1.996887400503014476e+01
1.045463826086956427e+00
1.982471092396562162e-01
6.587939280305932677e+00
2.173089461434870029e-01
2.042231846060995476e-02
nan
-1.590366458704906005e-01
2.090128528457638468e-01
8.247741839640176454e-04
3.499792660543837560e-04
4.549651638435989187e-01
3.827434313302772312e-02
4.763118240244502283e-02
8.680374408466270605e-03
5.716780540098042558e-21
