1.301682898926943555e-01
8.650071445283497029e-02
2.000000000000000000e+00
0.000000000000000000e+00
4.808333333333333570e+00
9.999619019262450115e-01
3.357504825126541968e-05
0.000000000000000000e+00
1.053674229136717516e-01
3.981539951021815377e-02
2.000000000000000000e+00
4.917100165598974892e-01
2.914057480411225698e-01
7.537623270806528830e-02
7.135870958492739058e-02
1.471696932028620231e-01
2.494862139688901692e+00
8.175416335573336468e+00
2.500000000000000000e-01
0.000000000000000000e+00
nan
nan
5.777632569926075767e+00
nan
nan
2.079722703639514669e-01
4.175677670486698800e-01
1.363661653110698757e-01
3.755364140747488477e+00
1.002561537561575261e-01
6.392377413340984971e-01
1.045731435442559309e+00
3.604641750084816013e+06
3.062416131619984383e-01
1.057495517188320883e-01
9.823003694358751758e-01
7.938943483876776952e-01
-1.623316278240541143e-10
9.240147981781320352e-01
-8.733886807798957666e-03
9.558005496203557660e-01
-8.139641178190640813e-01
9.349999689924869406e-01
2.446358592525112452e-01
1.002561537561575261e-01
5.770000000000000000e+02
0.000000000000000000e+00
0.000000000000000000e+00
4.000000000000000000e+00
4.906484690930097980e-01
3.000000000000000000e+00
1.200000000000000000e+02
1.290000000000000000e+02
5.770000000000000000e+02
4.740000000000000000e+02
7.175416335573335580e+00
nan
2.999771418166427672e+00
1.796264487254939368e+00
6.095565628709764816e-01
3.586868730376081541e+06
3.627857745721522198e-01
1.248326168081042159e-01
nan
2.785928514865410044e-01
8.368658042144635489e-01
1.223855838593971311e-07
2.939802606608373504e-06
-1.061405858333193224e-02
9.494892073266840704e-01
1.471696932028620231e-01
8.923791679759723872e-02
3.580848915129220146e-15
