1.055301817325271369e-01
5.458918059678304069e-02
3.999998484612490302e+00
0.000000000000000000e+00
3.854190852101230247e-02
8.426701973376544696e-01
2.035466222722114721e-03
0.000000000000000000e+00
2.397413477639984570e-03
1.758787129173893307e-03
1.460692254325950845e+00
4.960262691875713115e-01
2.861160247942113322e-01
7.619482448438162636e-02
9.247697912335028914e-02
1.972135990466766520e-01
1.571645823599333580e+00
5.935458247617710015e+01
3.333333333333333148e-01
1.752024150988718276e-01
nan
nan
7.917532286949922060e-01
nan
nan
2.594578313253012070e+01
6.348864153084337048e-01
4.022303929628772701e-01
5.436081143631923851e+00
1.701664031360028764e-02
3.313008524444803538e+00
1.305659749351722354e+01
4.899297867713789500e+00
4.119428376773859868e-01
2.337249885504931179e-01
9.803088483132531561e-01
1.390964813910222198e+00
2.668879842695535221e-11
8.953419646518103736e-01
2.517604594759032324e-02
9.390748811495694959e-01
-1.143959659759036018e+00
1.214121958235842458e+00
2.460959530651610216e-02
1.701664031360028417e-02
1.660000000000000000e+02
0.000000000000000000e+00
0.000000000000000000e+00
3.000000000000000000e+00
5.031033223804307619e-01
2.000000000000000000e+00
4.307000000000000000e+03
0.000000000000000000e+00
1.660000000000000000e+02
6.200000000000000000e+01
1.615381658979729593e+02
nan
1.420190266084906838e+00
2.124268508072289396e+00
2.494687146498956398e+00
2.478512894629960162e+00
3.862629722873843208e-01
2.197851504281711221e-01
nan
-1.894273094883191233e-01
1.478631097572730146e+00
1.494640618246240856e-08
2.947018323884716172e-08
1.275326819413722008e-02
9.117064767613130005e-01
1.972135990466766242e-01
2.946277758606046793e-01
8.403894788024622586e-02
