1.338350744984738439e-01
1.328539407184548826e-01
1.584499644614428160e+00
0.000000000000000000e+00
5.107142857142856762e+00
9.999994384557712168e-01
nan
0.000000000000000000e+00
1.052123533753816231e-01
9.342264079902121154e-02
9.990797181805819438e-01
3.774692317832887278e-01
2.392391418274859571e-01
3.320346218417957393e-03
3.783104088750210547e-03
9.884623473284301007e-03
8.569234224405164468e-02
5.787547994649480110e+00
5.000000000000000000e-01
2.525381361380529474e-02
nan
nan
1.736332536706389318e+00
nan
nan
1.958041958041958075e-01
1.204086228933566316e-01
6.200687807438767796e-02
2.410953629219372285e+00
1.718821428105779536e-01
-2.956746596567822252e-02
7.641051651024113323e-01
8.904010640668454580e+05
8.857189021227125647e-02
4.671631206061290648e-02
2.128844520629370463e-01
1.047852175333712665e+00
9.173201126438972979e-11
9.951169900562780724e-01
-1.893919839160852607e-04
9.930971674441362307e-01
-2.039339705734265207e-01
9.479150753729155277e-01
1.726257335756384848e-01
1.718821428105779536e-01
2.860000000000000000e+02
0.000000000000000000e+00
0.000000000000000000e+00
2.000000000000000000e+00
3.152251257514415705e-01
1.000000000000000000e+00
5.600000000000000000e+01
2.000000000000000000e+02
2.860000000000000000e+02
1.390000000000000000e+02
8.178814837129463555e+00
nan
9.999988769118577370e-01
4.168184226363636502e-01
1.941629630369414994e-01
8.904010640668454580e+05
9.027204353701358264e-02
4.173333666312049883e-02
nan
1.025304955947008850e-01
4.852330026391174500e-01
0.000000000000000000e+00
0.000000000000000000e+00
-4.832095238368682116e-04
9.945123728683145092e-01
9.884623473284304476e-03
9.849738287868234701e-03
1.123088142263029211e-06
