1.245072028599415181e-01
1.300002833188564355e-01
3.169903632280152816e+00
4.448312140598117598e-16
3.846153846153846367e-01
1.014611007613602928e-01
3.859139490311074283e-01
0.000000000000000000e+00
6.706928947643099603e-02
1.630962574033397935e-02
3.584962500721156964e+00
2.938729925712452173e-01
2.389005953213507449e-01
2.352598077743650873e-01
1.975980496791172603e-01
9.879571044601732632e-01
5.341848626425725222e+00
9.094397794142336622e+00
8.333333333333332871e-02
0.000000000000000000e+00
nan
nan
8.577277345637240202e+00
nan
nan
2.600000000000000089e+00
1.177277108375833548e+00
3.913283554762324035e-01
6.360671532999293554e+00
8.842129500767909045e-02
2.019979820298122064e+00
4.630745594288531386e+00
3.931346314906177142e+00
8.614661360423906400e-01
2.877609695144544011e-01
3.361986961666666662e+00
1.310754552240831261e+00
-2.948136549700090265e-11
1.000476846189736618e-01
8.712754639258332712e-02
1.423273351032505185e-01
-4.252388276666667188e+00
1.653098731984502967e+00
3.941946000020162266e-01
8.842129500767909045e-02
3.000000000000000000e+02
0.000000000000000000e+00
0.000000000000000000e+00
1.200000000000000000e+01
1.512820512820512719e-01
1.100000000000000000e+01
7.800000000000000000e+02
0.000000000000000000e+00
3.000000000000000000e+02
2.810000000000000000e+02
7.041468940122313391e+00
nan
1.602533665212617864e+00
7.614375238333332518e+00
2.529494930942523645e+00
2.866580724962391358e+00
9.632941217949828605e-01
2.454022826091317167e-01
nan
-6.455456277051075942e-01
4.898678264535473170e-01
1.098585406501289521e-08
1.343234979995772357e-07
7.917187011681880993e-02
1.271826452844878330e-01
9.879571044601732632e-01
4.668597228679561839e-01
9.955008769306332439e-02
