5.733121028638334116e-02
4.250355994702655071e-02
3.459415482866238456e+00
4.104209217903454130e-06
1.154225352112675962e+00
4.857693986435711042e-01
8.897737052068099839e-01
0.000000000000000000e+00
3.921624029438788850e-02
2.221206007486357242e-02
2.000000000000000000e+00
2.916119075221019763e-01
2.446090844812928711e-01
1.227757828015672986e-01
2.716377652908779083e-01
9.971960490205370453e-01
1.219501800518551349e+01
6.697565844740874574e+00
2.500000000000000000e-01
0.000000000000000000e+00
nan
nan
9.353720950396763101e+00
nan
nan
8.663819402074435239e-01
6.327083373566199098e-01
2.254021985826699659e-01
5.160799530987174144e+00
1.615699291405757188e-01
1.946158275215516209e+00
2.395656865164052629e+00
1.989966379095116736e+03
4.675113680391415616e-01
1.701490705768459455e-01
2.986376144606467165e+00
2.609644652825326094e+00
5.022388308236498879e-12
5.383160413360520147e-02
1.437330100747407063e-03
4.591035144515210470e-02
-2.913695302068334048e+00
2.550595886962673919e+00
2.986159518790634793e-01
1.615696849848830829e-01
1.639000000000000000e+03
0.000000000000000000e+00
0.000000000000000000e+00
4.000000000000000000e+00
1.770935999123918747e-01
3.000000000000000000e+00
1.420000000000000000e+03
0.000000000000000000e+00
1.639000000000000000e+03
1.634000000000000000e+03
1.058483149040633720e+01
nan
2.291310218930520115e+00
5.900071446674800768e+00
5.132333438442744367e+00
1.176278412987702723e+03
7.561612107273956163e-01
6.524384946535883856e-01
nan
1.131205327114028769e-01
4.832586321844848376e-01
3.939550973233925147e-09
4.737049981788902202e-08
5.898856246479589407e-03
3.526437201003947836e-02
9.971960490205368233e-01
1.753689560520042434e+00
7.371096359352011497e-07
