5.871538456571332582e-02
9.217236349200877421e-02
3.169903632280152816e+00
4.448312140598117598e-16
3.846153846153846367e-01
4.454038310162721642e-02
2.862612467851071707e-01
0.000000000000000000e+00
5.058802885701996210e-02
1.311459763699051456e-02
3.584962500721156964e+00
3.134194398145220273e-01
2.426012866376732746e-01
2.542393787100223901e-01
1.794261637657690589e-01
9.961597096648820981e-01
5.408034500996950378e+00
1.174439218661028050e+01
8.333333333333332871e-02
0.000000000000000000e+00
nan
nan
1.534560898149844377e+01
nan
nan
2.600000000000000089e+00
1.239779656099999849e+00
3.161664919358576631e-01
6.449617258154609623e+00
7.242056911406379027e-02
3.133256532702081820e+00
4.226957904018719958e+00
1.979439029871072675e+00
8.963461053944388190e-01
2.363928131611073291e-01
5.175822059999999780e+00
2.585984164404886432e+00
5.581348568502638124e-11
4.230900535870998902e-02
-1.153340017699333447e-01
1.009198275800222422e-01
-2.815936027666666508e+00
9.928742092153229892e-01
3.052488748466994917e-01
7.242056911406377639e-02
3.000000000000000000e+02
0.000000000000000000e+00
0.000000000000000000e+00
1.200000000000000000e+01
1.630100334448160437e-01
1.100000000000000000e+01
7.800000000000000000e+02
0.000000000000000000e+00
3.000000000000000000e+02
2.420000000000000000e+02
9.384652961856534858e+00
nan
8.412773171048772980e-01
7.991758087666666732e+00
3.234328067901476089e+00
1.759711395132904865e+00
9.701758044653266966e-01
2.347387748177697242e-01
nan
8.829475930861011568e-01
6.609684239082088686e-01
0.000000000000000000e+00
0.000000000000000000e+00
-8.200567316424248188e-02
8.680050493519751720e-02
9.961597096648817651e-01
4.445554269191701047e-01
2.932972771856169891e-01
