1.453328605084567848e-01
1.153431794174073904e-01
2.584906727024528728e+00
4.447342199355944967e-16
1.071428571428571397e+00
5.179543405472555317e-01
5.009647241803616424e-01
0.000000000000000000e+00
2.079513306907679882e-01
5.593506128491664009e-02
1.903181104910378840e+00
4.159718707353363132e-01
2.675078036324990416e-01
1.602840035580310740e-02
1.396068400196616606e-02
3.868248115485040800e-02
3.953550358534876352e-01
2.293264542506489256e+00
2.500000000000000000e-01
9.690569027080853104e-02
nan
nan
3.625581041003884231e+00
nan
nan
9.333333333333333481e-01
1.757652828421739089e-01
5.753168391670744619e-02
3.658187456450864072e+00
2.115525679897707345e-01
3.713344855484930207e+01
2.987073606466209696e+01
7.437368411139794625e+05
1.127066616420019096e-01
3.044856329694512614e-02
1.195731540165217544e+00
6.488215165878368218e-01
-4.130526774077594184e-11
9.804721061363210755e-01
-3.321797673043469078e-03
9.895611952734670869e-01
-1.070678134269565263e+00
7.587388738508477060e-01
8.299003754840437175e-01
2.115525679897707345e-01
3.450000000000000000e+02
0.000000000000000000e+00
0.000000000000000000e+00
4.000000000000000000e+00
3.763902932254802880e-01
3.000000000000000000e+00
3.220000000000000000e+02
0.000000000000000000e+00
3.450000000000000000e+02
3.390000000000000000e+02
2.114719312564316667e+00
nan
1.306761406421438787e+00
2.266409674434782584e+00
8.752656973207548763e-01
7.437363986063798657e+05
1.897069856043923641e-01
5.197664292268190656e-02
nan
-9.637629960784563354e-02
4.684010067216688000e+00
8.439021529209473491e-08
9.023496344960012909e-07
-4.941131176304202873e-04
9.887675396820156948e-01
3.868248115485040800e-02
2.078890516875783051e-02
9.320994887687685695e-07
