1.306486485453216828e-01
1.463085051833785122e-01
2.999962801493836206e+00
0.000000000000000000e+00
1.484230055658627145e-01
4.534605031081397897e-01
3.939216956501388478e-01
0.000000000000000000e+00
1.047599843300246469e-01
5.812709479406447111e-02
2.110477738650851975e+00
4.070770133582379269e-01
2.856122614507491941e-01
2.383826478085268250e-02
3.181068727279630359e-02
5.707711905284536258e-02
3.603132940563377740e-01
3.376738827369025309e+00
1.666666666666666574e-01
1.621415902231403139e-01
nan
nan
2.871625271364152798e+00
nan
nan
6.737499999999999822e+00
3.356657379993749912e-01
2.390017828612665540e-01
4.485435810271864554e+00
3.512392585476177831e-01
1.254419024194875387e+00
2.909681790697344450e+00
5.516754471443947594e+00
2.055322765579124800e-01
1.643272280357748194e-01
6.222809861250000463e-01
9.752913498143489512e-01
-4.205425924164174283e-10
9.707253068192980283e-01
9.935528699999971944e-03
9.713883921963377688e-01
-6.042776564250000870e-01
9.196924997472449848e-01
6.250047298728234058e-01
3.512392585476177831e-01
8.000000000000000000e+01
0.000000000000000000e+00
0.000000000000000000e+00
6.000000000000000000e+00
3.509493670886075778e-01
5.000000000000000000e+00
5.390000000000000000e+02
0.000000000000000000e+00
8.000000000000000000e+01
5.400000000000000000e+01
3.799904157692169715e+00
nan
1.648829348610958645e+00
1.226558642550000133e+00
3.456243342983016942e-01
3.398971642584588615e+00
2.149309512983802184e-01
1.049740424904098829e-01
nan
-2.080807783116362109e-01
6.484871690779840936e-01
4.318624673511859276e-08
3.862695335712141684e-07
-1.823940282040817319e-04
9.746467678304961968e-01
5.707711905284533482e-02
5.862314129049889938e-02
6.228674298546976046e-02
