2.078497962839645219e-01
2.031906108937972244e-01
2.999962801493836206e+00
0.000000000000000000e+00
1.484230055658627145e-01
7.171904425665860394e-01
7.613490595238121827e-02
0.000000000000000000e+00
5.515966086384054001e-02
3.349098367586089697e-02
1.268935225467713535e+00
4.070770133582379269e-01
2.856122614507491941e-01
2.383826478085268250e-02
3.181068727279630359e-02
5.707711905284534870e-02
3.603132940563377185e-01
4.258212357455265717e+00
3.333333333333333148e-01
2.572524198111887372e-01
nan
nan
1.530648549727431584e+00
nan
nan
6.737499999999999822e+00
3.356657379993749912e-01
2.390017828612665540e-01
3.970900858444092130e+00
1.819467725454994578e-01
1.254419024194875609e+00
2.909681790697344894e+00
2.251816911568068846e+00
2.055322765579124800e-01
1.643272280357748194e-01
6.222809861250000463e-01
9.752913498143489512e-01
-4.205426118453203902e-10
9.707253068192981393e-01
9.935528699999971944e-03
9.713883921963377688e-01
-6.042776564250000870e-01
9.196924997472449848e-01
2.979971685174567786e-01
1.819467725454994578e-01
8.000000000000000000e+01
0.000000000000000000e+00
0.000000000000000000e+00
3.000000000000000000e+00
3.509493670886075778e-01
2.000000000000000000e+00
5.390000000000000000e+02
0.000000000000000000e+00
8.000000000000000000e+01
5.400000000000000000e+01
9.067084920365937606e+00
nan
1.034520785722089053e+00
1.226558642550000133e+00
3.456243342983016942e-01
1.465975802953387364e+00
2.149309512983802184e-01
1.049740424904098690e-01
nan
-2.080807783116362941e-01
6.484871690779842046e-01
4.318624673511859276e-08
3.862695335712141684e-07
-1.823940282040928450e-04
9.746467678304961968e-01
5.707711905284533482e-02
5.862314129049889244e-02
2.270745035260332001e-01
