6.727646064845674290e-02
6.369546429152980749e-02
3.169908100328594269e+00
4.468910623126621565e-16
9.132420091324200406e-02
5.432581131402807184e-01
nan
0.000000000000000000e+00
1.840939231053214525e-02
7.090236184275539033e-03
9.612961238912570705e-01
3.360299154379191022e-01
2.655906165602313629e-01
2.458168041356162056e-02
2.927565514094837562e-02
7.142573671719038009e-02
3.459342839468462771e-01
8.804606954078479930e+00
5.000000000000000000e-01
1.630543034242951939e-01
nan
nan
6.010870558256902196e-01
nan
nan
1.094999999999999929e+01
3.360317408968750419e-01
2.089251273403826825e-01
4.022023186508001835e+00
4.318565299025904636e-02
5.299374055041408127e+00
5.407594424481199091e+00
4.187000678833049938e-01
2.313917608131674797e-01
1.531991355723479886e-01
1.257616640575000222e+00
9.814163280597366645e-01
-2.784714292491940920e-10
9.631992052039218821e-01
7.644746293749992219e-03
9.722939226399879287e-01
-1.000972412412500123e+00
6.579876790149334909e-01
1.091810377118497544e-01
4.318565299025904636e-02
8.000000000000000000e+01
0.000000000000000000e+00
0.000000000000000000e+00
2.000000000000000000e+00
2.750000000000000222e-01
1.000000000000000000e+00
8.760000000000000000e+02
0.000000000000000000e+00
8.000000000000000000e+01
7.000000000000000000e+01
2.803350404760399783e+01
nan
2.951293774927380431e-01
2.258589052987500345e+00
6.623809300798902955e-01
4.187000678833049938e-01
2.513761500760029466e-01
9.132369964371178650e-02
1.151117517724772998e+00
-1.938209649317376992e-01
1.148267500906855476e+00
9.795918367346676362e-08
3.461918502483622287e-07
1.737395220119910991e-04
9.738736075336049680e-01
7.142573671719035233e-02
5.278623837041193645e-02
7.048706225072619569e-01
