3.608517141769024966e-02
3.931105876120548348e-02
4.087461976382370743e+00
8.913675804806647515e-16
2.800000000000000058e-02
5.602180266226901573e-01
2.747064475154299412e-01
0.000000000000000000e+00
2.801751625258213155e-02
1.466386897398672291e-02
1.311967644484515638e+00
3.262729099393227861e-01
2.516906041700605612e-01
1.111669293378450829e-01
2.284816812677183118e-01
4.640809948359611581e-01
3.124044529999914666e+00
3.666443357966176819e+00
2.000000000000000111e-01
2.586557171222008678e-01
nan
nan
6.654461990651247660e+00
nan
nan
3.571428571428571530e+01
7.646473957183929082e-01
7.499427330946005776e-01
5.041598470514059294e+00
2.145844347868293422e-01
7.833459372403622112e+00
1.123323199801320982e+01
1.532718692583602582e+01
5.111633957717369725e-01
4.288546344834214263e-01
2.358815772142857536e+00
7.324138204202143010e-01
-2.227069322608648450e-12
7.298450362003227054e-01
1.651785696785709051e-02
7.536985951942161144e-01
-3.544172808571428579e+00
9.031910803672825727e-01
3.578311503528260884e-01
2.145844347868293422e-01
1.400000000000000000e+02
0.000000000000000000e+00
0.000000000000000000e+00
5.000000000000000000e+00
2.189105858170606322e-01
4.000000000000000000e+00
5.000000000000000000e+03
0.000000000000000000e+00
1.400000000000000000e+02
1.330000000000000000e+02
1.042287912148531781e+01
nan
1.481767846331728089e+00
5.902988580714286115e+00
1.351535596598129718e+00
1.465403485297327357e+01
5.434525716741175350e-01
4.122550862624304036e-01
nan
-5.080970695292650330e-01
1.020679037562460589e+00
6.574286686023862313e-09
1.635679727758480373e-08
9.221782453655055778e-03
7.458878247319730148e-01
4.640809948359612136e-01
8.495471034035366742e-01
3.489071165165649746e-02
