4.189366965460664116e-01
6.004556339489701411e-02
2.807334482484008742e+00
4.445235270295131296e-16
1.110629067245119339e+00
9.999302534582896751e-01
nan
0.000000000000000000e+00
1.043886378588915025e-02
2.607743981346169731e-03
7.253852630713603089e-01
3.731941835475086067e-02
2.816831168743767766e-02
3.709047140802453763e-02
2.826184099315169618e-02
9.975213189683931336e-01
1.061869354670509358e+00
1.524054233822161564e+01
5.000000000000000000e-01
4.218099020093288298e-01
nan
nan
2.741228014907438837e+00
nan
nan
9.003906250000000000e-01
2.505010383984375144e-01
4.318975347717503993e-02
3.485123981115138214e+00
1.310849079537955951e-02
3.557803192990577568e+00
1.475541760322105711e+00
7.168064228592012114e+03
1.704099329497851256e-01
7.578480212041379532e-03
4.755241701757812578e+00
8.340038872161087413e-01
1.251101518391639633e-10
5.190991890756774946e-02
-4.154790155468749968e-01
9.450592128780421070e-03
-8.335667979296874641e-01
5.881592092050728221e-02
4.759576444023079500e-02
1.310849079537955951e-02
5.120000000000000000e+02
0.000000000000000000e+00
0.000000000000000000e+00
2.000000000000000000e+00
0.000000000000000000e+00
1.000000000000000000e+00
4.610000000000000000e+02
0.000000000000000000e+00
5.120000000000000000e+02
5.120000000000000000e+02
5.798286361193688521e+01
nan
9.998605117811594223e-01
5.588808499687500486e+00
8.316598985490912810e-01
7.168064228592012114e+03
9.969464928151891003e-01
6.021703780596817518e-02
nan
2.073101452594381389e+00
2.320605271992887686e-01
0.000000000000000000e+00
0.000000000000000000e+00
-3.961388163322145939e-01
1.632064975138177929e-02
9.975213189683929116e-01
1.194113605848392545e-01
1.394882188405777970e-04
