8.013172720476452460e-02
8.798891443977245597e-02
3.169912102560214606e+00
0.000000000000000000e+00
1.538461538461538547e-01
9.809414985765961825e-01
nan
0.000000000000000000e+00
1.574348762562045520e-02
1.408871676780126120e-02
1.000000000000000000e+00
3.925558504203107701e-01
2.877438377430932004e-01
5.308043364627203914e-02
2.255040551125042370e-01
4.885188110701984554e-01
3.080588050346899198e+00
1.002630499971686895e+01
5.000000000000000000e-01
0.000000000000000000e+00
nan
nan
3.317359640692713274e+00
nan
nan
6.500000000000000000e+00
5.433833172301802961e-01
9.171986363128185049e-01
4.070174462419780426e+00
9.645025409926577531e-02
1.633984970159433781e+00
4.183492417492097104e+00
2.548741652203645103e+01
3.597197130171708168e-01
5.982258364950792107e-01
1.316084340595588209e+00
1.376065555697367770e+00
1.075513534441169531e-11
7.130352359553003838e-01
-1.065802166691175862e-02
6.649807304241615036e-01
-9.898899071544117190e-01
1.698485899288953105e+00
9.973764014043447201e-02
9.645025409926577531e-02
1.360000000000000000e+02
0.000000000000000000e+00
0.000000000000000000e+00
2.000000000000000000e+00
3.444444444444444420e-01
1.000000000000000000e+00
8.840000000000000000e+02
0.000000000000000000e+00
1.360000000000000000e+02
1.210000000000000000e+02
3.078250556256249482e+01
nan
9.622462236296982496e-01
2.305974247750000039e+00
2.648310088334763002e+00
2.548741652203645103e+01
4.119952725929398318e-01
5.666921829199784710e-01
nan
6.474672130495511269e-01
8.208860490082374728e-01
0.000000000000000000e+00
0.000000000000000000e+00
-1.377873623340229725e-02
6.830057447994604125e-01
4.885188110701984554e-01
1.480442150895548536e+00
3.775377637030175731e-02
