8.111261675483483202e-02
6.662847737621678534e-02
2.321928094887362182e+00
4.464204028220871655e-16
4.799999999999999822e-01
9.103812590156239448e-01
nan
0.000000000000000000e+00
4.703804242198056373e-02
2.675562137052441350e-02
9.199534913630799116e-01
3.402120151128302239e-01
2.398241716187402561e-01
1.237744981276461265e-01
1.383578534953205930e-01
4.027062601089370086e-01
1.847968307009166367e+00
6.456633957062802409e+00
5.000000000000000000e-01
2.333452377915606890e-01
nan
nan
4.682615079619424137e+00
nan
nan
2.083333333333333481e+00
6.998616228353906621e-01
3.894369230176573660e-01
3.099399683531339544e+00
8.460469081285001969e-02
1.659602985009672294e+00
2.495909897270122357e+00
4.840918044649658469e+00
4.471649055454109956e-01
2.311284350133234466e-01
1.503661883229166607e+00
8.025556209316949685e-01
1.497965224084296665e-10
7.714204128234171121e-01
1.111969317708331626e-03
8.526555597043884438e-01
-1.608070504166666526e+00
7.551752298772997918e-01
1.424819027191030762e-01
8.460469081285001969e-02
9.600000000000000000e+01
0.000000000000000000e+00
0.000000000000000000e+00
2.000000000000000000e+00
2.596491228070175739e-01
1.000000000000000000e+00
2.000000000000000000e+02
1.000000000000000000e+01
9.600000000000000000e+01
8.400000000000000000e+01
1.529630185010192456e+01
nan
8.287940367668725772e-01
3.111732387395833133e+00
9.984004883380402928e-01
4.840918044649658469e+00
5.826054960532949245e-01
2.528698692469766862e-01
nan
-9.996052738950045313e-02
9.973222077010127640e-01
0.000000000000000000e+00
0.000000000000000000e+00
1.897159367522836424e-03
8.275010181874805637e-01
4.027062601089370086e-01
3.270164506920874570e-01
1.712059632331274228e-01
