1.676314786396433387e-01
2.364709663694599673e-01
2.999977681841084820e+00
3.567228745279693563e-06
1.726519337016574562e+00
2.365608801652345494e-01
3.997845490181619055e-01
0.000000000000000000e+00
1.384637346912121758e-01
7.954618628571424876e-02
3.584885331436663769e+00
4.630560571805363845e-01
3.452288372721141751e-01
1.091810674053496768e+04
1.340385884001570957e+04
2.142154337152496737e+04
6.113845724145770073e+05
5.323729588547831959e+00
8.333333333333332871e-02
8.996394299432770901e-04
nan
nan
3.576066255630154046e+03
nan
nan
5.792000000000000481e-01
1.686668017599999985e+02
1.002187038871323779e+02
5.911484459425520477e+00
3.775354663357259333e-01
1.591772601299289924e+01
3.113508212361027816e+01
4.541375621966696926e+05
1.208447540829332070e+02
7.142387157962144784e+01
5.158944824000001290e+02
3.562158519304728088e+02
-1.557299502215476750e+01
2.685432390672946212e+01
-2.658534148627600047e+01
3.288767810983357265e+01
-7.875039703999999574e+02
5.233057934489416994e+02
6.733785538522294445e-01
3.775353428418752877e-01
1.250000000000000000e+03
0.000000000000000000e+00
0.000000000000000000e+00
1.200000000000000000e+01
3.804310648518814952e-01
1.100000000000000000e+01
7.240000000000000000e+02
0.000000000000000000e+00
1.250000000000000000e+03
1.250000000000000000e+03
3.455113196995904801e+00
nan
2.213848406606606645e+00
1.303398452800000086e+03
8.692067499472394729e+02
3.399349136392652290e+05
1.271655407574988601e+02
7.248911886111231695e+01
nan
-4.196016048577231317e-01
2.380303123718533254e+00
5.228580957557490473e-06
3.662511969808570227e-06
-2.474755468192673291e+01
3.408771183441650265e+01
2.142154337152496737e+04
1.434485368419399492e+04
2.042451558879067012e-11
