5.606010920385254281e-02
9.423715380828033561e-02
3.321910931543839762e+00
0.000000000000000000e+00
1.744023904382470125e+00
9.999999180480144689e-01
7.602274840474061617e-08
0.000000000000000000e+00
5.623791569047939358e-03
4.292202919159071942e-03
1.999988550190810344e+00
4.008902887204464083e-01
3.095290366471901700e-01
2.602813186238731296e-03
7.611575658764459414e-03
1.685616725552635878e-02
3.381406676040332737e-01
5.493177259162324333e+01
2.500000000000000000e-01
1.150100137827938769e-03
nan
nan
8.058093660903763444e-01
nan
nan
5.733866362078812173e-01
1.143404917782695762e-01
1.486280856710579246e-01
5.285490888750419280e+00
2.767160691995907557e-02
2.237575596003483547e+00
2.246752924883236080e+00
2.166348603859084547e+08
7.936201281596247381e-02
9.990399645216037350e-02
2.377151900833809339e-01
1.152463073571800445e+00
-3.201242152255492105e-11
9.918278216270647318e-01
1.160872219902904512e-02
1.010515336827570776e+00
-3.475936721930324991e-01
6.486209949928356533e-01
3.640859298423215762e-02
2.767160691995907557e-02
1.751000000000000000e+03
0.000000000000000000e+00
0.000000000000000000e+00
4.000000000000000000e+00
3.488096597862446191e-01
3.000000000000000000e+00
1.004000000000000000e+03
3.100000000000000000e+01
1.751000000000000000e+03
1.663000000000000000e+03
9.023975026946231992e+01
nan
2.999999508288118566e+00
5.853088622764134330e-01
5.312984485253755551e-01
2.078034361718693674e+08
8.715740524474688278e-02
9.625510508284849942e-02
nan
1.738844041377846372e-01
1.006894745557679993e+00
9.652106267046340493e-08
3.166532143452963479e-07
8.332421882030522850e-03
1.005183961996724884e+00
1.685616725552636572e-02
3.210460589476181459e-02
2.653113828031475683e-22
