2.710421127806394992e-01
4.374321913013142632e-02
4.639325294764288010e+00
5.581963654403842429e-03
5.770271082526898070e-03
2.582843754455162455e-01
1.597192315467313717e-01
0.000000000000000000e+00
3.529166679189475048e-02
1.822918497964058854e-03
2.617400425943690934e+00
6.038720565399698786e-02
5.218289009449245813e-02
5.760218575229278382e-02
6.443673488700142615e-02
9.661645803496291540e-01
9.299950515625415859e-01
4.119249543045421902e+00
1.428571428571428492e-01
8.126734602574062216e-02
nan
nan
3.549841539535711021e+00
nan
nan
1.733020833333333428e+02
5.617262425916665913e-01
2.177617045413684227e-01
6.621318615944763231e+00
3.799100619161923514e-02
1.522766689978747756e+01
4.906800187039372041e+00
6.256520325484030698e-01
3.461565336172605645e-01
9.603512122325874589e-02
9.618852674999997632e+00
2.377064824441333102e-01
7.404140090390883032e-11
1.540258104324004063e-01
-2.104279673958333319e-01
2.295733762378488613e-02
-4.329008470833333178e+00
1.287890772680155616e+00
6.354071047632157132e-01
3.687485238880410660e-02
9.600000000000000000e+01
0.000000000000000000e+00
0.000000000000000000e+00
7.000000000000000000e+00
2.192982456140350918e-04
6.000000000000000000e+00
1.663700000000000000e+04
0.000000000000000000e+00
9.600000000000000000e+01
9.600000000000000000e+01
6.301343123151151637e+00
nan
5.278160762250744265e-01
1.394786114583333436e+01
1.324729996670660714e+00
2.871675046263097442e-01
9.623477097142173475e-01
2.011791747073458647e-01
nan
2.756262044240815445e+00
5.619595169690687619e-01
5.434364937308354914e-06
4.363784849944630820e-08
-1.978216345153906153e-01
8.109596962339216120e-02
9.661645803496291540e-01
3.845102940134340619e-01
5.636148803957868880e-01
