2.231522600968356418e-01
2.640604162008267641e-01
2.999977523388663414e+00
5.412540780402466404e-06
1.726519337016574562e+00
1.309940569985563186e-01
4.942120096950662345e-01
0.000000000000000000e+00
9.265292344879590136e-02
4.757981818980409894e-02
3.584885331436663769e+00
5.833205290908497487e-01
3.095204970501769237e-01
1.725410935053521098e+04
2.009118846274149109e+04
3.019683124696329105e+04
9.366212083075246774e+05
8.257100691705593576e+00
8.333333333333332871e-02
8.996394299432770901e-04
nan
nan
7.317363380647591839e+03
nan
nan
5.792000000000000481e-01
1.295326948599999923e+02
7.251919815724897944e+01
6.150704974803621106e+00
2.139955667124680827e-01
1.989303129266350467e+01
1.784571507609236107e+01
2.482835737603071146e+06
9.325715410038715447e+01
5.289395549059134538e+01
1.146722108799999887e+03
7.954060245416421822e+02
-2.275611434011681666e+01
3.134910584110099663e+01
-3.134679355039600068e+01
2.993419094830268889e+01
-4.581339351999999963e+02
2.563863365645099748e+02
4.341578800217061329e-01
2.139954955763656297e-01
1.250000000000000000e+03
0.000000000000000000e+00
0.000000000000000000e+00
1.200000000000000000e+01
5.503257005604483831e-01
1.100000000000000000e+01
7.240000000000000000e+02
0.000000000000000000e+00
1.250000000000000000e+03
1.250000000000000000e+03
5.909876939786689931e+00
nan
2.631208977926712933e+00
1.604856043999999883e+03
1.043269478476798440e+03
1.782297056441700086e+06
1.500875804929024184e+02
8.761672660728045514e+01
nan
2.184498007008512488e+00
1.865301417021831831e+00
3.515369848730524984e-06
2.665311128199235964e-06
-3.270937053157012997e+01
3.457886120245828465e+01
3.019683124696328741e+04
2.365914328282697534e+04
3.382772675134088444e-13
