4.099127940231794276e-01
1.239213817460950995e-01
3.807350416726600795e+00
1.355757476971748716e-06
1.045865184155663624e-01
9.799155184203304225e-01
nan
0.000000000000000000e+00
2.718539915261073206e-02
6.293741618595480661e-03
1.000000000000000000e+00
5.566630035808538546e-01
2.796125031456885845e-01
9.631693650973592591e-02
9.629885620809212898e-02
2.432858532607392044e-01
2.374732785060400531e+00
3.441183233736081259e+00
5.000000000000000000e-01
0.000000000000000000e+00
nan
nan
7.063155827456449209e+00
nan
nan
9.561461794019933791e+00
6.519316690845514684e-01
4.990316300800490268e-01
4.516752697257213178e+00
7.936390883310280586e-02
6.864698203877539484e+00
3.282478491567064083e+01
2.414737824777796860e+01
3.382901975280069862e-01
1.631072636611775040e-01
1.851619638239202503e+00
2.084459480817882682e+00
-2.054138918761825160e-11
8.694757091019271744e-01
2.703604258305647781e-02
9.077862967487986268e-01
-1.174644809435215986e+00
6.545357806353178098e-01
2.905977194693882271e-01
7.936395022262041077e-02
3.010000000000000000e+02
0.000000000000000000e+00
0.000000000000000000e+00
2.000000000000000000e+00
5.900332225913621498e-01
1.000000000000000000e+00
2.878000000000000000e+03
0.000000000000000000e+00
3.010000000000000000e+02
2.010000000000000000e+02
1.210179041899766084e+01
nan
9.602344232409849578e-01
3.026264447674419156e+00
2.092600184145741338e+00
2.414737824777796860e+01
4.350365550563423112e-01
2.328285761145613419e-01
nan
-3.909174128677256888e-01
1.604997777871209230e+00
3.713835913674257349e-06
1.036699751776904557e-07
1.667177398555141563e-02
8.815558265916019209e-01
2.432858532607392044e-01
2.360944978696157548e-01
3.976557675901504912e-02
