3.628646569435195479e-02
4.718132157216084477e-02
3.169907380092616744e+00
4.449138887587989107e-16
2.983425414364641037e-01
8.674561520471411880e-02
8.543617728459254046e-01
0.000000000000000000e+00
1.554306666094748268e-01
1.765187927456583761e-02
5.068686544024467722e+00
1.810387797379663100e-01
2.040029123243437825e-01
1.644222607023512472e-01
2.064282194233756917e-01
9.050433491720846213e-01
4.349176655056674612e+00
6.012020502941735067e+00
1.999999999999999695e-02
2.271797626617877777e-02
nan
nan
1.832031551672731950e+01
nan
nan
3.351851851851851638e+00
1.080202129517037202e+00
3.787376852691381468e-01
7.395501898475401958e+00
7.270230294402793558e-02
2.722206145544290301e+00
3.238910037479266091e+00
1.276162275410462001e+02
6.715021432777820154e-01
2.217646159810744977e-01
3.958536892037037180e+00
7.466606838999686468e-01
3.929025006578336193e-12
3.042958149786520461e-01
-2.806147971892591908e-01
2.312592316982044482e-01
-1.604119002962962837e+00
2.794289077314213166e-01
8.430920256416813974e-01
7.270230294402792171e-02
2.700000000000000000e+02
0.000000000000000000e+00
0.000000000000000000e+00
5.000000000000000000e+01
8.379457524438936600e-02
4.900000000000000000e+01
9.050000000000000000e+02
0.000000000000000000e+00
2.700000000000000000e+02
2.700000000000000000e+02
2.759859284257830225e+00
nan
3.540554915332572961e+01
5.562655895000000683e+00
5.971688231341989450e-01
2.615435224151760885e+00
9.280413726772908101e-01
2.096313912957244174e-01
nan
1.418732152793195755e+00
4.550111371942960337e-01
9.064197724233990931e-09
1.051205227274322577e-07
-2.085375229763492821e-01
2.520765527104995574e-01
9.050433491720845103e-01
3.329958112313118890e-01
5.189327559222694398e-28
