3.623310200324932340e-01
1.097536890583043490e-01
3.807351665975783117e+00
3.852886851257359782e-07
1.003333333333333299e-01
9.797644990349774208e-01
nan
0.000000000000000000e+00
2.695689259946563998e-02
6.376825256520752584e-03
1.000000000000000000e+00
5.548767155846944243e-01
2.790746618100857779e-01
9.618945696692662861e-02
9.608967829277059725e-02
2.434456476291813054e-01
2.370608231313618308e+00
3.475717306676248786e+00
5.000000000000000000e-01
0.000000000000000000e+00
nan
nan
7.040057607465568523e+00
nan
nan
9.966777408637874203e+00
6.504348320602989508e-01
4.982905216726986053e-01
4.519641270749113815e+00
8.034643601458084372e-02
6.926828125439310924e+00
3.228399169618446507e+01
2.396160503841132439e+01
3.381281145069068850e-01
1.642569449492710387e-01
1.862734404019933176e+00
2.092431717406647351e+00
-1.395661733101142931e-11
8.693815537508283731e-01
2.688161085548172041e-02
9.077895449632756852e-01
-1.174669999999999881e+00
6.545467240126480180e-01
2.877103952266698572e-01
8.034642324063862029e-02
3.010000000000000000e+02
0.000000000000000000e+00
0.000000000000000000e+00
2.000000000000000000e+00
5.885049833887043835e-01
1.000000000000000000e+00
3.000000000000000000e+03
0.000000000000000000e+00
3.010000000000000000e+02
2.010000000000000000e+02
1.223327807803467770e+01
nan
9.599384735692603199e-01
3.037404404019933946e+00
2.096845181319476836e+00
2.396160503841132439e+01
4.353829181465102560e-01
2.325230886517048734e-01
nan
-3.823538973729219692e-01
1.596632397715104235e+00
6.089481535289792557e-07
1.025055107080216330e-07
1.670531119739050718e-02
8.817063249986398787e-01
2.434456476291813609e-01
2.359405253609399289e-01
4.006152643073967318e-02
