7.017161258225210196e-02
6.634415820272586417e-02
2.807354922057604174e+00
4.445695660855154244e-16
1.322857142857142954e+00
8.038272928428242814e-01
3.860020613957598212e-01
0.000000000000000000e+00
9.245777149972282671e-02
2.830113484388118925e-02
2.807354922057603730e+00
3.996356196184424614e-01
2.681968028580610786e-01
2.762316333763210202e-02
2.885951382104061727e-02
6.780535960240265114e-02
8.609775862740896013e-01
7.226398076577125629e+00
1.428571428571428215e-01
2.997944808332385276e-17
nan
nan
3.962209251560834922e+00
nan
nan
7.559395248380129662e-01
2.922455196963877344e-01
1.125829673217779714e-01
5.226223783382259569e+00
1.098693569839313683e-01
1.613921718793020821e+00
1.487571226672088720e+01
1.125787454053217545e+06
2.128211758334805914e-01
8.214672473359740934e-02
8.038080743047516519e-01
1.113163097178424099e+00
-3.743508215197923166e-11
9.655268120125837239e-01
-7.051154255939762671e-04
9.780935658521378029e-01
-7.268809781706262463e-01
9.449082257987524436e-01
3.884860607329485571e-01
1.098693569839313683e-01
4.630000000000000000e+02
0.000000000000000000e+00
0.000000000000000000e+00
7.000000000000000000e+00
3.560629435359456973e-01
6.000000000000000000e+00
3.500000000000000000e+02
4.300000000000000000e+01
4.630000000000000000e+02
4.180000000000000000e+02
6.226398076577126517e+00
nan
4.621817857323021528e+00
1.530689052475377787e+00
7.138180735004330257e-01
9.892380013877459569e+05
2.472685362668626263e-01
8.171936133896651189e-02
nan
1.157836564360876508e-01
1.020798064394966564e+00
5.319727786691956242e-08
6.594429140904089252e-07
-1.289918903196717211e-03
9.749897179878386222e-01
6.780535960240262339e-02
4.877868127535323756e-02
7.961392334098823943e-17
