1.652921519451719043e-02
1.479311815160518247e-02
3.700437954473535296e+00
4.561953615350755061e-07
5.822222222222222382e-02
-5.416918452261786365e-01
5.062459371091181382e-01
0.000000000000000000e+00
5.197659887401526180e-02
1.826861528833875412e-02
3.671733200308199940e+00
1.046950305898788625e-01
1.381365252330673810e-01
9.633177223792206700e-02
1.937255838040754241e-01
8.455401750275776118e-01
2.607076688577245172e+00
8.808358505780818248e+00
7.142857142857142461e-02
3.237737057927123768e-02
nan
nan
8.918311968828531278e+00
nan
nan
1.717557251908397120e+01
1.049774911475381600e+00
6.075378474007493423e-01
6.955324679028223045e+00
1.280795523617654086e-01
2.296530602599589965e+00
2.961976593441980388e+00
1.860512969292989283e+01
7.643421603781428431e-01
4.389076613685921613e-01
3.563608502290076085e+00
7.727491820501898312e-01
-3.885590322776576068e-11
3.851419949299784151e-01
-3.100458007519084347e-02
4.163959181053392133e-01
-3.126680109923663853e+00
6.042925299396747496e-01
4.168464757535114140e-01
1.280794748873390621e-01
1.310000000000000000e+02
0.000000000000000000e+00
0.000000000000000000e+00
1.400000000000000000e+01
3.076923076923076747e-02
1.300000000000000000e+01
2.250000000000000000e+03
0.000000000000000000e+00
1.310000000000000000e+02
1.140000000000000000e+02
7.877220199077966889e+00
nan
6.890010103472918424e+00
6.690288612213740826e+00
1.056063376377460505e+00
2.271729016171468274e+00
8.537657352319129034e-01
3.428138765329917792e-01
nan
2.917361365363375092e-01
4.138687968922837301e-01
5.936476143380217846e-07
0.000000000000000000e+00
-2.477968925866486094e-02
4.106160471592744110e-01
8.455401750275777228e-01
8.157164000404585336e-01
2.087106089387280675e-05
