7.278272573716370111e-03
1.404053217865178227e-02
4.087460696675980998e+00
8.890679326117936661e-16
1.016053647632595008e-01
3.082056197818519583e-01
nan
0.000000000000000000e+00
2.034332635145715343e-04
6.590454716422764793e-05
9.994730201859837182e-01
1.086924420922414647e-01
1.519472827127384407e-01
1.081453845695435068e-01
1.514934638539689737e-01
9.978942288429584195e-01
4.162189658006973048e+00
4.251817702040156064e+02
5.000000000000000000e-01
1.911099408612286846e-02
nan
nan
6.097156696959571409e-01
nan
nan
9.842000000000000526e+00
1.361588252279999800e+00
2.252962012625481583e-02
5.084583021017910376e+00
7.629715949705653116e-04
-1.106127496250193243e-01
1.043141299033173430e-01
1.049610258058057272e-01
1.009538393850953897e+00
1.653538445981685839e-02
3.526599071999999779e+00
2.941418992233241214e-01
-2.681780988944559862e-11
1.758329721801112425e-02
-5.910118727680000253e-04
1.947469883107633137e-02
-3.548520704599999576e+00
3.225802331664487932e-01
2.350695844053721315e-03
7.629715949705653116e-04
5.000000000000000000e+02
0.000000000000000000e+00
0.000000000000000000e+00
2.000000000000000000e+00
3.591983967935871713e-02
1.000000000000000000e+00
4.921000000000000000e+03
3.490000000000000000e+02
5.000000000000000000e+02
5.000000000000000000e+02
1.737830103016325893e+03
nan
9.499070406511549158e-02
7.075119776599999355e+00
4.592027885842998591e-01
1.049610258058057272e-01
9.988151027872851362e-01
1.622176248562200163e-02
nan
6.643682682188626482e-03
3.099478056817171062e-02
4.461764355445472090e-09
1.386078397109796675e-08
-9.664408694447811955e-04
1.757948867604863796e-02
9.978942288429584195e-01
3.267777814562411454e-02
9.050092959348845501e-01
