1.791185425456618199e-02
1.777785276643058590e-02
3.700437954473535296e+00
4.561953615350754532e-07
5.822222222222222382e-02
6.773922264071675914e-02
2.332039924099428008e-01
0.000000000000000000e+00
5.197659887401525486e-02
1.826861528833875412e-02
3.671733200308199940e+00
1.046950305898788486e-01
1.381365252330673532e-01
9.633177223792206700e-02
1.937255838040754241e-01
8.455401750275779449e-01
2.607076688577245616e+00
8.808358505780816472e+00
7.142857142857142461e-02
3.237737057927123768e-02
nan
nan
8.918311968828533054e+00
nan
nan
1.717557251908397120e+01
1.049774911475381600e+00
6.075378474007493423e-01
6.955324679028224821e+00
1.280795523617654086e-01
2.296530602599589965e+00
2.961976593441979944e+00
2.289774626204510444e+00
7.643421603781428431e-01
4.389076613685921613e-01
3.563608502290076085e+00
7.727491820501897202e-01
-3.885591424524615486e-11
3.851419949299784151e-01
-3.100458007519084347e-02
4.163959181053392689e-01
-3.126680109923663853e+00
6.042925299396747496e-01
4.168464757535114695e-01
1.280794748873390621e-01
1.310000000000000000e+02
0.000000000000000000e+00
0.000000000000000000e+00
1.400000000000000000e+01
3.076923076923076747e-02
1.300000000000000000e+01
2.250000000000000000e+03
0.000000000000000000e+00
1.310000000000000000e+02
1.140000000000000000e+02
7.877220199077965113e+00
nan
7.122610546028317335e-01
6.690288612213740826e+00
1.056063376377460505e+00
2.271729014963554505e+00
8.537657352319129034e-01
3.428138765329918347e-01
nan
2.917361365363375647e-01
4.138687968922837301e-01
5.936476143380217846e-07
0.000000000000000000e+00
-2.477968925866485400e-02
4.106160471592744110e-01
8.455401750275778339e-01
8.157164000404584225e-01
3.002030826927872265e-01
