5.854457351747532901e-02
6.463921085318936888e-02
2.000000000000000000e+00
0.000000000000000000e+00
3.125000000000000000e+00
9.998849912900058534e-01
9.721279889476471740e-05
0.000000000000000000e+00
1.503211308615066411e-01
8.499078553794241209e-02
1.982849175364342686e+00
2.123539606146345182e-01
1.807174787452227316e-01
1.377508037799689833e-01
2.133984091914637171e-01
7.482368166463472248e-01
4.804073175777494598e+00
5.628915958082853166e+00
2.500000000000000000e-01
4.434423936235516728e-02
nan
nan
1.530422115020004270e+01
nan
nan
3.200000000000000067e-01
9.221749264810328306e-01
6.195989285301279903e-01
3.630587889153972014e+00
1.948552857118373005e-01
1.343343016112650945e+00
4.091200368890544503e+00
1.863479053789080936e+05
6.604963490198249021e-01
4.530739342716424423e-01
2.073077569914285601e+00
1.150976271944224028e+00
1.327321744578772087e-11
5.062796324243151735e-01
-4.323130820981428007e-02
5.629010833015116733e-01
-1.688308185697142694e+00
1.077695372515158345e+00
3.522612862103699505e-01
1.948552857118372728e-01
3.500000000000000000e+02
0.000000000000000000e+00
0.000000000000000000e+00
4.000000000000000000e+00
7.523536635284486240e-02
3.000000000000000000e+00
1.120000000000000000e+02
1.110000000000000000e+02
3.500000000000000000e+02
2.080000000000000000e+02
4.677603751226873996e+00
nan
2.999310006321701749e+00
3.761385755611428294e+00
1.890272085078058106e+00
1.805053935609869659e+05
7.688376165394422701e-01
3.969581243354797784e-01
nan
4.369567446613337736e-01
1.133167403222039349e+00
0.000000000000000000e+00
0.000000000000000000e+00
-3.240013869075503844e-02
5.515888591868286506e-01
7.482368166463473358e-01
7.066981678257965305e-01
6.487886600581177372e-13
