4.123643413190530155e-03
1.867470369267799045e-03
3.999998977284492163e+00
8.890679326117936661e-16
1.124606387764282567e-01
3.432050197187238583e-01
nan
0.000000000000000000e+00
2.673080948093379075e-04
9.258652910737221180e-05
9.997892080780694801e-01
6.615946242282175205e-02
1.331411287723946180e-01
6.594966157548812213e-02
1.328365944933916631e-01
9.980251158635027320e-01
3.316330806529236064e+00
3.450985364427606896e+02
5.000000000000000000e-01
1.208729540489824478e-02
nan
nan
6.873227496628120381e-01
nan
nan
8.891999999999999460e+00
1.316980143024999883e+00
2.507036225881364294e-02
4.996891073081577872e+00
1.005561482320213584e-03
6.748094479033378557e-02
1.073781926558175503e-01
1.335165590700627958e-01
9.763943707404212358e-01
1.856444882988153924e-02
3.633892720600000015e+00
3.488433517791961203e-01
-1.129630816665283452e-11
1.413367634134808995e-02
1.801842984587999786e-03
1.856090258964925716e-02
-3.628307953399999786e+00
3.631282047576338545e-01
2.897112280984414420e-03
1.005561482320213584e-03
5.000000000000000000e+02
0.000000000000000000e+00
0.000000000000000000e+00
2.000000000000000000e+00
3.424448897795591418e-02
1.000000000000000000e+00
4.446000000000000000e+03
3.880000000000000000e+02
5.000000000000000000e+02
5.000000000000000000e+02
1.379684830042322801e+03
nan
1.177896855601296283e-01
7.262200673999999800e+00
5.508703148501093994e-01
1.335165590700627958e-01
9.989300302163728329e-01
1.281557933009942404e-02
nan
-3.004605802573750116e-03
3.257745924101512758e-02
2.024539400573421386e-09
1.043259140475310417e-08
1.132942562015221534e-03
1.563728039562400224e-02
9.980251158635026210e-01
2.571755750437186572e-02
8.822103144398704133e-01
