4.365722243810836734e-01
1.395492560288712769e-01
2.807312395892744838e+00
4.455769500637426152e-16
3.325942350332594111e-01
8.410403067663961840e-01
nan
0.000000000000000000e+00
5.233262500146561302e-02
2.525625058803258882e-02
9.999113374199286586e-01
8.896342136061524686e-01
7.346403566048495537e-02
7.217556685096204455e+04
1.877377231396124989e+04
8.377174787630295032e+04
9.138776588473669253e+05
3.862047856417498259e+00
5.000000000000000000e-01
7.839321299185646533e-03
5.315313062953074450e+02
1.074698781335139159e+02
1.431488240677429985e+03
4.812395082896354097e+02
1.016264498832175462e+02
3.006666666666666821e+00
5.146987833333333811e+02
6.116769100773370837e+01
3.548316704038452229e+00
1.338664486469835768e-01
-9.515177096494407127e-01
1.965919739302619540e-01
2.417037045529406125e+00
2.371165946351999594e+02
1.215966381169333914e+02
1.190544343199999958e+03
2.006261214098873893e+02
5.939077066708056236e+02
1.118593504660647397e+02
4.962253750666667429e+02
1.650907481616111170e+02
2.273063559999999939e+02
3.196108494388524690e+01
2.589070292742212676e-01
1.338664486469835768e-01
1.500000000000000000e+02
0.000000000000000000e+00
0.000000000000000000e+00
2.000000000000000000e+00
1.000000000000000000e+00
1.000000000000000000e+00
4.510000000000000000e+02
0.000000000000000000e+00
1.500000000000000000e+02
0.000000000000000000e+00
9.842936183549429785e+00
nan
7.073487976057137860e-01
9.632379872000000205e+02
1.837620260142391828e+02
2.417037045529406125e+00
2.851668514785373532e+02
4.967965865436563178e+01
nan
7.104665585613119116e-01
2.012387365344484591e-01
6.584362139917408888e-08
5.683057684196088847e-07
5.359424681837637081e+02
1.190219161041874685e+02
8.377174787630302308e+04
3.020032616496803530e+04
2.926512023942861584e-01
