1.833095736771897244e-01
9.306536353057366651e-02
2.321928094887362182e+00
4.455769500637426152e-16
7.500000000000000000e-01
9.719482799837617648e-01
nan
0.000000000000000000e+00
5.644330551116348571e-02
2.225909601432571674e-02
1.000000000000000000e+00
4.735963543026613931e-01
2.837987575286161634e-01
9.578665617608020377e-02
7.492695713396195500e-02
2.200600642127453488e-01
1.494745111087177225e+00
5.434706823357512206e+00
5.000000000000000000e-01
0.000000000000000000e+00
nan
nan
2.613231036579549471e+00
nan
nan
1.333333333333333259e+00
5.903535489800000313e-01
3.402243925225607590e-01
3.137925529063175123e+00
8.104240667898421346e-02
8.754091439511342276e-01
2.123550890069989983e+00
1.707777531386543046e+01
3.654857332673175363e-01
2.054847688901434433e-01
1.047033866080000042e+00
8.832390102821809919e-01
-5.641667873608942437e-12
8.829330141724333059e-01
-4.071247515399999822e-02
8.896896233055576753e-01
-1.066189000566666545e+00
8.497481577879447689e-01
1.840025658241871975e-01
8.104240667898421346e-02
1.500000000000000000e+02
0.000000000000000000e+00
0.000000000000000000e+00
2.000000000000000000e+00
4.549440715883669162e-01
1.000000000000000000e+00
2.000000000000000000e+02
2.000000000000000000e+00
1.500000000000000000e+02
9.800000000000000000e+01
1.161899846062985908e+01
nan
9.446834589633928969e-01
2.113222866646666809e+00
4.753961332759666369e-01
1.707777531386543046e+01
4.511890886282556856e-01
1.288376163684067932e-01
nan
1.741625663623913023e-01
1.023726323365642399e+00
0.000000000000000000e+00
0.000000000000000000e+00
-2.039785682100554720e-02
9.044115651418390689e-01
2.200600642127454043e-01
1.263663027384501758e-01
5.531654103660710309e-02
