3.820295556757550282e-01
1.128569933614612109e-01
2.807312395892744838e+00
4.455769500637426152e-16
3.325942350332594111e-01
9.841137502933146042e-01
nan
0.000000000000000000e+00
1.284177029364576561e-01
1.471004291853505140e-02
9.984354584856947046e-01
8.896342136061524686e-01
7.346403566048495537e-02
7.217556685096204455e+04
1.877377231396124989e+04
8.377174787630297942e+04
9.138776588473676238e+05
1.340149103664745933e+00
5.000000000000000000e-01
3.292514945657982334e-02
5.315313062953074450e+02
1.074698781335139444e+02
5.513329640093007583e+03
4.812395082896352960e+02
1.016264498832175747e+02
3.006666666666666821e+00
5.146987833333333811e+02
6.116769100773370837e+01
3.060729665166961766e+00
1.001603634696183742e-01
-9.515177096494404907e-01
1.965919739302620373e-01
3.072576101556649775e+01
2.371165946351999594e+02
1.215966381169333914e+02
1.190544343199999958e+03
2.006261214098873893e+02
5.939077066708056236e+02
1.118593504660647540e+02
4.962253750666667429e+02
1.650907481616111170e+02
2.273063559999999939e+02
3.196108494388524690e+01
7.450181892114783322e-01
1.001603634696184020e-01
1.500000000000000000e+02
0.000000000000000000e+00
0.000000000000000000e+00
2.000000000000000000e+00
1.000000000000000000e+00
1.000000000000000000e+00
4.510000000000000000e+02
0.000000000000000000e+00
1.500000000000000000e+02
0.000000000000000000e+00
2.768112559592650346e+00
nan
9.684798735163723249e-01
9.632379872000000205e+02
1.837620260142391828e+02
3.072576101556649775e+01
2.851668514785373532e+02
4.967965865436563888e+01
nan
7.104665585613119116e-01
2.012387365344485701e-01
6.584362139917408888e-08
5.683057684196088847e-07
5.359424681837637081e+02
1.190219161041874827e+02
8.377174787630302308e+04
3.020032616496803530e+04
3.152012648362768205e-02
