3.806368903081444599e-01
1.464707661958452867e-01
2.807312395892744838e+00
4.455769500637426152e-16
3.325942350332594111e-01
9.363986765647777100e-01
nan
0.000000000000000000e+00
8.410559538698261783e-02
9.678896267228469588e-03
9.981231241894544803e-01
8.896342136061524686e-01
7.346403566048495537e-02
7.217556685096205911e+04
1.877377231396125353e+04
8.377174787630299397e+04
9.138776588473676238e+05
2.196686688020801359e+00
5.000000000000000000e-01
3.606087797625410346e-02
5.315313062953074450e+02
1.074698781335139444e+02
2.389497133925210619e+03
4.812395082896352392e+02
1.016264498832175605e+02
3.006666666666666821e+00
5.146987833333333811e+02
6.116769100773370837e+01
3.351058876552414301e+00
5.226441894639908409e-02
-9.515177096494407127e-01
1.965919739302619540e-01
7.119682922767060163e+00
2.371165946351999594e+02
1.215966381169333914e+02
1.190544343199999958e+03
2.006261214098873893e+02
5.939077066708057373e+02
1.118593504660647540e+02
4.962253750666667429e+02
1.650907481616111170e+02
2.273063559999999939e+02
3.196108494388524690e+01
4.543766435297862949e-01
5.226441894639909103e-02
1.500000000000000000e+02
0.000000000000000000e+00
0.000000000000000000e+00
2.000000000000000000e+00
1.000000000000000000e+00
1.000000000000000000e+00
4.510000000000000000e+02
0.000000000000000000e+00
1.500000000000000000e+02
0.000000000000000000e+00
5.178381824568220715e+00
nan
8.768424814722671767e-01
9.632379872000000205e+02
1.837620260142391828e+02
7.119682922767060163e+00
2.851668514785373532e+02
4.967965865436563178e+01
nan
7.104665585613119116e-01
2.012387365344485424e-01
6.584362139917408888e-08
5.683057684196088847e-07
5.359424681837637081e+02
1.190219161041874827e+02
8.377174787630302308e+04
3.020032616496803530e+04
1.231575185277328094e-01
