3.063221713985691055e-02
1.609064341995414260e-02
2.321864792169983982e+00
4.446052927782438632e-16
2.014018691588784993e+00
9.999437858301385429e-01
nan
0.000000000000000000e+00
1.381051471651963472e-02
1.092243402512499927e-02
9.989916804911785908e-01
1.725789447444776581e-01
1.570092292148482227e-01
2.623829068216687252e-02
4.504015505068882652e-02
1.922178070584560639e-01
1.113189640455359841e+00
2.439831904362799619e+01
5.000000000000000000e-01
2.643389836211392993e-02
nan
nan
3.596620929447942761e+00
nan
nan
4.965197215777262252e-01
4.699729992359049091e-01
3.130566292463605738e-01
3.279911369897943185e+00
3.319251292347037696e-02
2.487960451723787436e+00
3.748614387308475404e+00
8.893804551411711145e+03
3.445254770777238518e-01
2.310036934947037046e-01
1.458179286607888869e+00
1.384566137758613147e+00
-2.617336097789907824e-11
8.990191753868920221e-01
-3.277619709071920989e-02
9.014967961154636278e-01
-9.999576749930394470e-01
5.419425980239134244e-01
4.094510276322011616e-02
3.319251292347037696e-02
4.310000000000000000e+02
0.000000000000000000e+00
0.000000000000000000e+00
2.000000000000000000e+00
3.806183564452598339e-02
1.000000000000000000e+00
2.140000000000000000e+02
5.500000000000000000e+01
4.310000000000000000e+02
3.980000000000000000e+02
5.570677652458238782e+01
nan
9.998875748203099878e-01
2.458136961600928316e+00
1.049260513001959216e+00
8.893804551411711145e+03
3.866679859270173436e-01
2.068936713447866727e-01
nan
6.699121561737988451e-01
7.137265918254999120e-01
0.000000000000000000e+00
0.000000000000000000e+00
-2.597477651426082640e-02
9.004607056277363908e-01
1.922178070584560916e-01
2.610483818400620160e-01
1.124251796900122816e-04
