5.637592214113253813e-02
8.181955993166757646e-02
3.459419907934661254e+00
1.718737137385813013e-06
1.977372262773722689e+00
9.999996460242184249e-01
nan
0.000000000000000000e+00
1.784072564677855258e-02
1.092492847569959992e-02
9.437683969804577799e-01
3.098104621894416932e-01
2.243066859337231322e-01
1.886728182259710812e-02
1.791562776004541890e-02
6.123189673426875784e-02
1.354533688858807761e+00
7.050312996007896515e+00
5.000000000000000000e-01
1.961318079203562825e-01
nan
nan
8.977143387745416092e+00
nan
nan
5.057216685123662181e-01
2.319310674663352667e-01
8.694169716746542875e-02
4.269326390200857801e+00
8.743926169071485066e-02
1.712423661686500154e+01
2.597706652781186420e+01
1.412525264653022634e+06
1.683334251204975374e-01
6.355075131081576456e-02
1.227829870230564779e+00
6.788596784462755940e-01
-4.450793533818065737e-11
9.689118654164132760e-01
4.265980119287629199e-04
9.860417288141458680e-01
-1.407537603248431246e+00
7.553664908900497021e-01
1.338619147142613985e-01
8.743932132076773223e-02
2.709000000000000000e+03
0.000000000000000000e+00
0.000000000000000000e+00
2.000000000000000000e+00
1.895972340134340905e-01
1.000000000000000000e+00
1.370000000000000000e+03
0.000000000000000000e+00
2.709000000000000000e+03
2.709000000000000000e+03
2.484319756159965564e+01
nan
9.999992920485621939e-01
2.635367473478996025e+00
6.084823210331616883e-01
1.412525264653022634e+06
2.386288038497160480e-01
6.549636810061786052e-02
nan
4.421709743166450934e-01
2.649884741133315735e+00
1.448107684226302723e-06
2.223164046636534641e-06
5.225297728570226126e-04
9.839336922898580529e-01
6.123189673426872315e-02
3.033715753385004404e-02
7.079514378061087171e-07
