6.075180251005427023e-02
5.500006520506141999e-02
2.807304625774208695e+00
2.268393311465868780e-05
2.358531317494600543e+00
5.006356955084017013e-01
5.764569037924254236e-01
0.000000000000000000e+00
3.052533425880573845e-02
1.317848338019593502e-02
2.316332572425479963e+00
2.865522997581473330e-01
2.325313884316026203e-01
7.217691858839721253e-02
8.856882250854952732e-02
2.531233855986677606e-01
3.788040460898158379e+00
1.731161412216138018e+01
2.000000000000000111e-01
1.941443201230603002e-02
nan
nan
6.036922432101311742e+00
nan
nan
4.239926739926739852e-01
5.987401824121244553e-01
2.901982700082093025e-01
4.989834968316328556e+00
5.666817292320867200e-02
2.433369321259542417e+00
3.295073635086385178e+00
1.155700702174085192e+06
4.254520444003218604e-01
2.107947906544634098e-01
1.619467044469780292e+00
9.246770049495347532e-01
2.462626602436179660e-11
8.644025728228729166e-01
-9.200247344413830727e-03
9.148348153229622914e-01
-1.448072740750915743e+00
8.724202901490687445e-01
1.338022298833612400e-01
5.666374965266638558e-02
1.092000000000000000e+03
0.000000000000000000e+00
0.000000000000000000e+00
5.000000000000000000e+00
1.758124246666868118e-01
4.000000000000000000e+00
4.630000000000000000e+02
4.700000000000000000e+01
1.092000000000000000e+03
1.003000000000000000e+03
1.998100030336868471e+01
nan
1.999452084258573459e+00
3.067539785220696480e+00
1.195632142362791805e+00
1.153899608584911795e+06
4.646443249827161281e-01
1.930366820930616290e-01
nan
4.512950682077036535e-01
1.027467770485752663e+00
4.290356794995198580e-09
1.417766563287861178e-07
-7.850305601209011525e-03
9.019826009097389186e-01
2.531233855986677606e-01
3.071777622741183045e-01
4.808956446317734172e-10
