7.034236799725238076e-02
8.272579932149885795e-02
2.321630838584216594e+00
3.438396689990873278e-04
1.257861635220125862e+01
9.999852438698517698e-01
nan
0.000000000000000000e+00
2.456574042851674897e-02
1.475599990902002820e-02
9.896748638242481855e-01
1.498362738898915414e-01
1.584151845316087159e-01
9.181105309199307521e+04
1.037604593657786609e+05
6.494297669355145190e+05
6.202173934870545752e+06
1.342333964080227027e+01
5.000000000000000000e-01
8.449703674556226229e-02
4.919690864456739519e+02
9.127426822896886449e+01
1.472514560463555426e+04
3.681240475700570869e+02
5.236560055062608399e+01
7.950000000000000122e-02
6.106697500000000218e+02
5.259502249543222661e+02
3.237577785935579211e+00
4.538870394051554291e-02
4.221113422635450085e+00
5.542878369244575332e+00
3.388347269284604408e+04
2.368431261000000063e+02
6.052111255945379042e+01
3.942503000000000156e+03
1.123631647396296557e+03
7.390814308176099985e+02
1.657146886663778673e+02
4.160450000000000159e+02
5.432508244164149858e+01
1.163919999999999959e+02
3.304814200291632531e+00
7.372791647288591543e-02
4.537867519037121211e-02
2.000000000000000000e+03
0.000000000000000000e+00
0.000000000000000000e+00
2.000000000000000000e+00
5.523961980990495235e-02
1.000000000000000000e+00
1.590000000000000000e+02
0.000000000000000000e+00
2.000000000000000000e+03
1.782000000000000000e+03
3.048916922720875533e+01
nan
9.999704879574469185e-01
3.826110999999999876e+03
1.123676885296780938e+03
3.388347269284604408e+04
7.860446595866567350e+02
1.777057954757932805e+02
nan
2.028015722553333955e+00
7.559946052211400369e-01
8.990345371618247306e-04
4.144674582693630102e-04
4.880156907216494915e+02
1.290647202962763629e+02
6.494297669355146354e+05
2.756220141607300029e+05
2.951204255308150932e-05
