7.444238900094456157e-02
6.597167783967522459e-02
2.321663222627019962e+00
0.000000000000000000e+00
4.000000000000000000e+00
9.999996794021003277e-01
nan
0.000000000000000000e+00
8.096286299724742702e-03
6.211228912242700712e-03
9.700292494214555195e-01
3.518941574715193088e-01
2.517826149500649313e-01
1.755010828694354014e-02
2.095239580527989698e-02
4.873709563697589675e-02
6.196308899087138444e-01
4.077242257313536555e+01
5.000000000000000000e-01
1.436310649285174601e-01
nan
nan
1.203561069487753876e+00
nan
nan
2.500000000000000000e-01
2.695252491923828542e-01
1.122990972969629686e-01
3.267901164389935609e+00
1.867402751565747782e-02
1.207582576948569852e-01
6.042267687658477993e-01
1.559585262664149283e+06
1.986973686690084728e-01
8.300652299441665938e-02
5.098283277124999735e-01
9.138941442726586928e-01
1.127777177201139125e-10
9.754737475530185220e-01
4.793643634472675996e-03
9.822042745587625800e-01
-5.624402018765625177e-01
1.022022199367687012e+00
2.379130765853977592e-02
1.867402751565747782e-02
5.120000000000000000e+02
0.000000000000000000e+00
0.000000000000000000e+00
2.000000000000000000e+00
2.616499510763209413e-01
1.000000000000000000e+00
1.280000000000000000e+02
3.900000000000000000e+02
5.120000000000000000e+02
3.510000000000000000e+02
9.658451514932473003e+01
nan
9.999993588043034620e-01
1.072268529589062602e+00
4.045040741953833674e-01
1.559585262664149283e+06
2.051971771373412023e-01
8.151190751982961835e-02
nan
-9.224079662359130349e-02
4.358597697560349649e-01
1.210939921879841492e-07
2.740044257186380654e-06
2.570278473922042728e-03
9.812619082528152292e-01
4.873709563697588287e-02
3.841161565636185687e-02
6.411956965379772555e-07
