5.119559731289636817e-01
1.436860382938572878e-01
2.584538366948825772e+00
4.261617888100342603e-04
2.259398496240601517e+00
9.999959316997162340e-01
3.653038645433576162e-06
0.000000000000000000e+00
3.280712393498710910e-01
4.391131229468597276e-03
1.474805208105456789e+00
9.990303632199772910e-01
5.733385898547512568e-04
1.605855340540647491e+00
2.921212072403487833e-02
1.607689965311851266e+00
3.937456276682475220e+01
1.159870054087322799e+00
3.333333333333333148e-01
1.536455326558172074e-01
nan
nan
1.677715642034073440e+01
nan
nan
4.425956738768718757e-01
2.686990956738768421e+00
3.738671989155763209e-02
2.787817335620547787e+00
6.603546154897289508e-03
-1.621637991427462788e+00
1.608722474332023459e-03
4.118230739690708579e+05
1.020484458978369258e+00
3.014545367627833108e-02
2.791222129783693884e+00
5.752221419697896992e-02
8.128596482679243396e-01
2.959032552408126862e-02
3.642989600665557104e-01
2.874876545827784874e-02
-4.265942928452579053e-01
3.769713580022712729e-02
1.271526239433735217e+00
6.715703983894550852e-03
6.010000000000000000e+02
0.000000000000000000e+00
0.000000000000000000e+00
3.000000000000000000e+00
1.000000000000000000e+00
2.000000000000000000e+00
2.660000000000000000e+02
0.000000000000000000e+00
6.010000000000000000e+02
0.000000000000000000e+00
1.032626843862719523e+00
nan
1.999983726845312004e+00
3.217816422628951845e+00
4.079944435913829964e-02
3.366515518433785765e+05
1.267840383414581495e+00
1.646750459268787187e-02
nan
5.002357760365691020e-01
4.872108856724247962e-03
1.266284786948425160e-03
1.639781369445726601e-04
6.119936442387686748e-01
2.631741358665750860e-02
1.607689965311851488e+00
4.168400540953662303e-02
3.951472534481451797e-11
