8.626618213327959250e-02
3.718912924085253369e-02
3.321913673718724258e+00
4.536406081492298631e-16
2.189781021897810320e-02
9.027583908161797011e-01
nan
0.000000000000000000e+00
3.346255453347676129e-02
1.966332493423881417e-02
9.999975979410170579e-01
5.136600340913954899e-01
2.374634790109661497e-01
1.050735446262753975e-01
7.355555989483841817e-02
2.242821008963225005e-01
6.408919154282149977e-01
3.912643533025252918e+00
5.000000000000000000e-01
1.290340841581309045e-03
nan
nan
1.931648359999552200e+00
nan
nan
4.566666666666666430e+01
4.898737978750000721e-01
2.520933436585961473e-01
4.066330207476309688e+00
1.664194407320661317e-01
2.499500225134558828e+00
3.270716959978241967e+00
4.404608216608403737e+00
3.148257036201375092e-01
1.632012044211189894e-01
1.521458337916666403e+00
8.749243667730728369e-01
7.889773094108913611e-11
8.753171067258155302e-01
-1.397460020833333517e-02
9.299072843208070482e-01
-1.292052199999999873e+00
5.438335372605722640e-01
2.555810641834319052e-01
1.664194407320661317e-01
2.400000000000000000e+01
0.000000000000000000e+00
0.000000000000000000e+00
2.000000000000000000e+00
5.471014492753623060e-01
1.000000000000000000e+00
1.096000000000000000e+03
0.000000000000000000e+00
2.400000000000000000e+01
2.300000000000000000e+01
1.199749527349400502e+01
nan
8.149727121890182335e-01
2.813510537916666721e+00
5.383128206330337617e-01
4.404608216608403737e+00
4.519276759358450968e-01
1.446199575603108745e-01
nan
3.860311261066875499e-01
1.439351235396698847e+00
0.000000000000000000e+00
0.000000000000000000e+00
-1.058954885172910809e-02
9.201895986123130866e-01
2.242821008963226115e-01
1.280313808293888078e-01
1.850272878109817665e-01
