7.973029918819961315e-02
1.252655524337334403e-01
2.999967812971283898e+00
1.894851708720656145e-05
2.895384615384615223e+00
5.584818252574769160e-01
4.899806053890478630e-01
0.000000000000000000e+00
2.611793482047352830e-02
9.751916237587494179e-03
2.770422672664247798e+00
3.165383963724279770e-01
2.600877403713396374e-01
1.506460904957473146e-01
2.141247527011811425e-01
5.293677488846044721e-01
1.136978763124037783e+01
2.010021861682823285e+01
1.428571428571428492e-01
3.380450317712312136e-02
nan
nan
1.121279092136101241e+01
nan
nan
3.453772582359192489e-01
7.505857454579583088e-01
4.211973558346947533e-01
5.632560010978664877e+00
5.153939141741149810e-02
1.609156403045089334e+00
1.626104985159745997e+00
1.217587885651952547e+03
5.233354204048213942e-01
2.792886210683320214e-01
2.263937147348565659e+00
9.611350699389366037e-01
-5.179456344275665136e-12
6.864150837203234490e-01
-2.334703068063273372e-03
8.115769673538660856e-01
-1.719325669978746030e+00
4.321151160544537406e-01
1.378304746568678740e-01
5.153880642967270664e-02
1.882000000000000000e+03
0.000000000000000000e+00
0.000000000000000000e+00
7.000000000000000000e+00
2.038354347208310158e-01
6.000000000000000000e+00
6.500000000000000000e+02
4.800000000000000000e+01
1.882000000000000000e+03
1.782000000000000000e+03
2.076563507047169566e+01
nan
3.071816663144626869e+00
3.983262817327311467e+00
1.315895523462871974e+00
7.172900233347874064e+02
6.557265800000267042e-01
3.153462228960672298e-01
nan
3.997960894209134364e-01
9.427677242209138164e-01
9.034901378344762117e-05
1.370101511181118880e-07
-1.397517763102160268e-03
7.837891621481681836e-01
5.293677488846041390e-01
5.224577830515755306e-01
4.900554611317234646e-08
