5.754670243522425760e-02
1.082282847782368579e-01
3.700435251708787732e+00
1.334877362961214224e-15
1.163636363636363635e-01
-1.742642818174435990e-02
5.567647374467992183e-01
0.000000000000000000e+00
5.101750723880880967e-02
1.919587341894377422e-02
3.459431618637297756e+00
1.769871430419769354e-01
1.773049182101974208e-01
1.331730788846571256e-01
2.215871078864355137e-01
8.538585934548145184e-01
4.207983268375175001e+00
8.108200774827992063e+00
9.090909090909091161e-02
0.000000000000000000e+00
nan
nan
1.581477681828267379e+01
nan
nan
8.593750000000000000e+00
6.144854112928417322e-01
4.956146877551799168e-01
6.733208513614570734e+00
1.704623217315614503e-01
1.302458159701542506e+01
1.184509372160672314e+01
6.293685791923930850e+00
2.976738820461821144e-01
1.736614146431786909e-01
5.028671699062500444e+00
1.468243975251379396e+00
1.051375653204900118e-11
3.783947423807439980e-01
-3.125425946176367265e-01
1.541253669215106592e-01
-9.687716558593750804e-01
1.145219338045216917e-01
4.266583567315138104e-01
1.704623217315614503e-01
2.560000000000000000e+02
0.000000000000000000e+00
0.000000000000000000e+00
1.100000000000000000e+01
5.330882352941176267e-02
1.000000000000000000e+01
2.200000000000000000e+03
0.000000000000000000e+00
2.560000000000000000e+02
2.560000000000000000e+02
7.673064041348158781e+00
nan
2.792919559769564408e+00
5.997443354921875525e+00
1.395933956370091655e+00
3.294714881454755773e+00
8.222182071977583995e-01
4.225081420775899654e-01
nan
2.871525670967972399e+00
1.008034816691395719e+00
3.231242610795010261e-09
2.569743252947268905e-08
-2.440496646121540492e-01
2.271120842705433018e-01
8.538585934548145184e-01
7.729902776897527028e-01
2.035448169879517169e-02
