5.055040717648345838e-01
1.493364290141699913e-01
2.584686614685328454e+00
2.749777762508074817e-04
1.932475884244372999e+00
9.999991955970731761e-01
1.106030990514231005e-06
0.000000000000000000e+00
3.278116896522739743e-01
3.432386363737459367e-03
1.471760723116830594e+00
9.990284665590722923e-01
5.637316215836812687e-04
1.599128648208039349e+00
2.749157594253989409e-02
1.600929283338378806e+00
3.920893311672745796e+01
1.158272269129919207e+00
3.333333333333333148e-01
1.556859038377285676e-01
nan
nan
1.668120262054754832e+01
nan
nan
5.174708818635607166e-01
2.683561630615640681e+00
3.565605958674245013e-02
2.785795555538218782e+00
5.323612949367375648e-03
-1.622524422822503309e+00
1.037657797665758738e-03
2.271567778836684301e+07
1.014305840655574054e+00
3.247624261395577056e-02
2.791246589018303137e+00
5.749446981387989347e-02
8.117258816388548404e-01
2.961150273362398583e-02
3.629592678868552857e-01
2.846125320143950282e-02
-4.300957737104825762e-01
3.802978277756405984e-02
1.270651782263940488e+00
5.426893740901452511e-03
6.010000000000000000e+02
0.000000000000000000e+00
0.000000000000000000e+00
3.000000000000000000e+00
1.000000000000000000e+00
2.000000000000000000e+00
3.110000000000000000e+02
0.000000000000000000e+00
6.010000000000000000e+02
0.000000000000000000e+00
1.034142359663755562e+00
nan
1.999996782390810246e+00
3.221342362728785602e+00
4.045128978258760721e-02
2.240051639136501029e+07
1.265183184826947915e+00
1.553040533284887927e-02
nan
5.017579885964043029e-01
4.727586429222202687e-03
1.031952780500238051e-03
1.438852418805304522e-04
6.117752903182752666e-01
2.697553706555703285e-02
1.600929283338378806e+00
3.922104719975377796e-02
1.416470570038946260e-13
