1.083949616736913923e-01
7.111734180843974629e-02
2.321715936699196181e+00
0.000000000000000000e+00
2.230769230769230838e+00
2.231483115359247649e-01
6.097547230110071936e-01
0.000000000000000000e+00
1.992189275291428585e-01
4.765312191777656969e-02
2.721471266523448840e+00
2.425818003688985924e-01
2.197807484770480935e-01
1.158833153151277717e-01
1.393623635942729533e-01
6.931567791677563095e-01
3.375265090397745471e+00
4.490478754045037491e+00
1.428571428571428492e-01
5.721988432553014314e-02
nan
nan
9.545385586515790166e+00
nan
nan
4.482758620689655249e-01
6.601052352018511593e-01
4.405880384860428323e-01
4.437133502585060008e+00
1.216829739866776700e-01
9.240526647916993852e+00
1.601170177103709946e+01
1.561331665460550576e+05
4.356742611541536969e-01
2.732793565144934766e-01
3.722298207652037227e+00
3.506127507187873693e+00
-5.749542534861897597e-11
5.563505878255353698e-01
-1.732169962705329413e-01
4.065535628433801785e-01
-9.992895535423197417e-01
4.476574018069343630e-01
6.060537006375854574e-01
1.216829739866776700e-01
3.190000000000000000e+02
0.000000000000000000e+00
0.000000000000000000e+00
7.000000000000000000e+00
1.052818359259478365e-01
6.000000000000000000e+00
1.430000000000000000e+02
7.000000000000000000e+00
3.190000000000000000e+02
3.160000000000000000e+02
2.830874944343522159e+00
nan
2.157775124819155010e+00
4.721587761194356858e+00
3.269371223984131714e+00
1.320347846493441903e+05
7.222377243703524963e-01
4.148118241396377970e-01
nan
1.769467688543910011e+00
2.011262733444362460e+00
0.000000000000000000e+00
0.000000000000000000e+00
-1.339898712421125626e-01
4.446993127341204444e-01
6.931567791677563095e-01
9.555772193422658045e-01
2.670106870418794110e-10
