4.764451202634083504e-01
1.150459844002630627e-01
3.169901948915221812e+00
4.443979267520327188e-16
9.599999999999999645e-01
9.819371663393773320e-01
1.032014573806254963e-02
0.000000000000000000e+00
4.764718052245587449e-02
4.086359321962945365e-03
1.584962500721156076e+00
5.387252427851946246e-02
9.249235616680198668e-02
4.635919252837832072e-02
9.981329346885109421e-02
9.894211554709446688e-01
3.016511319694271887e+00
5.975106760912472836e+00
3.333333333333333148e-01
0.000000000000000000e+00
nan
nan
4.058861215721902838e+00
nan
nan
1.041666666666666741e+00
7.418887559722221747e-02
2.720581231699022509e-03
4.489603498804578763e+00
2.514928830205742649e-02
9.082817465549142355e+01
9.207545106002510238e+01
6.466557704391392747e+01
5.538604344399582907e-02
2.195089189707114929e-03
1.047169586916666617e+01
3.614170448902726207e+00
-1.197831537661879104e-10
1.025855776675719810e-01
-1.636109572430555770e-01
3.569852698446036345e-03
-1.094471349777777824e+00
3.419883570727274003e-01
2.652609508317994580e-01
2.514928830205742649e-02
7.200000000000000000e+02
0.000000000000000000e+00
0.000000000000000000e+00
3.000000000000000000e+00
1.256760933395147627e-02
2.000000000000000000e+00
7.500000000000000000e+02
0.000000000000000000e+00
7.200000000000000000e+02
7.200000000000000000e+02
1.095012661673387200e+01
nan
1.928507702685266612e+00
1.156616721894444488e+01
3.641168354440500909e+00
4.569649463671731837e+01
9.347286190690463625e-01
3.403887293417874327e-01
nan
8.099782571336620052e+00
3.635285545024902643e+00
0.000000000000000000e+00
0.000000000000000000e+00
-1.623760195142376628e-01
4.266550494881013803e-03
9.894211554709447798e-01
6.154860593831540383e-01
1.072401987425082191e-03
