1.731559037077716467e-01
1.119209637302033405e-01
1.999852995731125072e+00
0.000000000000000000e+00
5.264462809917355379e+00
9.999968570994539618e-01
nan
0.000000000000000000e+00
3.268604516348843497e-02
1.882974569309808430e-02
9.689839576642081953e-01
2.505576602911950279e-01
2.264954080022963667e-01
1.053149785636341013e-01
1.529204694893403493e-01
7.100763807950951634e-01
4.829879259247395140e+00
1.323448171028694986e+01
5.000000000000000000e-01
1.460964423939147550e-01
nan
nan
7.803196733860859879e+00
nan
nan
1.899529042386185196e-01
6.191283968153687978e-01
5.036630960056355244e-01
2.895620337975401526e+00
4.329850618538621382e-02
9.211768513767861322e+00
1.584748308528221727e+01
1.590879620611215651e+05
4.132084196739733706e-01
3.161117699438190098e-01
3.599108635326530248e+00
3.914879060790209753e+00
9.761598959821112471e-11
5.428487595825505219e-01
-1.687298988342229022e-01
3.929737846633460374e-01
-9.052220445054943720e-01
3.320287555746272434e-01
7.321661541993236544e-02
4.329850618538621382e-02
6.370000000000000000e+02
0.000000000000000000e+00
0.000000000000000000e+00
2.000000000000000000e+00
1.246260478066408134e-01
1.000000000000000000e+00
1.210000000000000000e+02
5.000000000000000000e+01
6.370000000000000000e+02
6.310000000000000000e+02
2.631419615972426485e+01
nan
9.999937142087858000e-01
4.504330679832024842e+00
3.739125697564048778e+00
1.590879620611215651e+05
6.926590322097196939e-01
4.802727897448729744e-01
nan
1.836512837613301974e+00
1.983411407941310545e+00
0.000000000000000000e+00
0.000000000000000000e+00
-1.342836439620674616e-01
4.292979302604472691e-01
7.100763807950952744e-01
1.169037866168155304e+00
6.285791214200035006e-06
