3.577803127273240097e-02
3.674672262745411200e-02
3.700436278205883056e+00
4.750600196205283793e-07
4.055445544554455717e-01
8.833076223794551485e-01
4.513146815995160155e-02
0.000000000000000000e+00
5.065549480092210177e-02
1.784728975565703923e-02
2.280521592474860082e+00
2.787058154633844653e-01
2.305172960547079153e-01
1.996166418685643706e-01
1.872812841130480077e-01
7.114520823087342460e-01
8.762034068941636278e+00
5.359297381236584279e+00
2.000000000000000111e-01
5.322129852792333027e-02
nan
nan
2.862184251776277932e+01
nan
nan
2.465820312500000000e+00
1.192990438947461040e+00
3.350559263380690767e-01
5.555431643966923794e+00
1.361634796224140687e-01
1.680100983418457428e-02
1.470405319654572995e+00
1.639543543130422876e+01
8.699119031397567481e-01
2.512980997327607380e-01
2.377538008593750085e+00
3.089018889666470535e-01
-1.131855720259977716e-11
5.367816127049712671e-01
-2.953335372656240576e-03
5.843614679309911963e-01
-2.486190885742187717e+00
3.741081631608859093e-01
4.255262267138198995e-01
1.361634818293007698e-01
1.024000000000000000e+03
0.000000000000000000e+00
0.000000000000000000e+00
5.000000000000000000e+00
1.376485367790811210e-01
4.000000000000000000e+00
2.525000000000000000e+03
0.000000000000000000e+00
1.024000000000000000e+03
7.650000000000000000e+02
7.696141497042310320e+00
nan
3.127039971269401697e+00
4.863728894335937802e+00
3.507312675103556043e-01
6.153335170505499718e+00
8.311231489463259958e-01
1.438979322224198387e-01
nan
-1.730297165649565261e-01
5.213310859978010914e-01
7.948769560055165705e-07
3.811433042644093992e-08
4.435876615781660093e-03
5.719386079783340682e-01
7.114520823087339130e-01
2.326381581711272351e-01
1.834147221557838429e-03
