5.276916717732272472e-02
8.717016483017819839e-02
3.807353766874613576e+00
3.643921334540488392e-07
3.500854700854700852e-01
8.678778206281168028e-01
5.179103174011943228e-02
0.000000000000000000e+00
4.739251555313724051e-02
1.635666051939106344e-02
2.291192469676818000e+00
2.798573468560976996e-01
2.307585665810152065e-01
2.021175808110223238e-01
1.883693346009018554e-01
7.185182961543098434e-01
8.844179508041099425e+00
5.316550991288858441e+00
2.000000000000000111e-01
4.594317223350646157e-02
nan
nan
2.856630714028864659e+01
nan
nan
2.856445312500000000e+00
1.200990041192408153e+00
3.313901931030940884e-01
5.667591568114897171e+00
1.360800022191617775e-01
-1.496625526787753735e-02
1.413290194217602380e+00
1.422503570738711254e+01
8.757612484146495291e-01
2.475814393609647723e-01
2.403399702539062766e+00
3.294723919155417291e-01
-1.768587359896045541e-11
5.301181258219492820e-01
-4.348998626356438690e-03
5.798893900394752610e-01
-2.497158989257812323e+00
3.741755617735656458e-01
4.309546684365343494e-01
1.360799892594884986e-01
1.024000000000000000e+03
0.000000000000000000e+00
0.000000000000000000e+00
5.000000000000000000e+00
1.351684689638318615e-01
4.000000000000000000e+00
2.925000000000000000e+03
0.000000000000000000e+00
1.024000000000000000e+03
7.610000000000000000e+02
7.834696653101260289e+00
nan
3.020894579058956975e+00
4.900558691796875088e+00
3.704835192007698841e-01
5.729142919840434445e+00
8.358353754141053527e-01
1.411275009634175293e-01
nan
-1.665554178376763006e-01
5.207711449537738568e-01
7.112329121555974364e-07
3.178861284264572326e-08
3.714778605336976902e-03
5.667181860292409556e-01
7.185182961543098434e-01
2.302809272982787869e-01
2.895516780786930224e-03
