1.854432588863360043e-01
1.233691711298229021e-01
1.999999105306097702e+00
1.893710051771235343e-05
3.733333333333333393e+00
9.999952468433039865e-01
6.488102296493463231e-06
0.000000000000000000e+00
2.175418133365749074e-01
7.939758258984920547e-02
1.584962500721156076e+00
5.616296442772765740e-01
2.739045631617790244e-01
3.019851565693680963e-04
5.000427957403307455e-04
7.435570931720957401e-04
1.243874242895255146e-02
2.910521014519232619e+00
3.333333333333333148e-01
0.000000000000000000e+00
nan
nan
1.052743209405955005e+00
nan
nan
2.678571428571428492e-01
3.264772547773437533e-02
2.798530040118562406e-02
3.040398452964789389e+00
2.157242257942073582e-01
7.813522790385267758e-01
2.280388915516257775e+00
3.076947578536511399e+06
1.892038032530483568e-02
1.223671261099439946e-02
5.424704847680804354e-02
1.008370568236665488e+00
7.040330223568552520e-11
9.996304265082720519e-01
3.253753751116329794e-04
1.000738733805074165e+00
-5.026259017975441556e-02
9.925124391966237969e-01
5.445631530624643890e-01
2.157236409426247226e-01
4.480000000000000000e+02
0.000000000000000000e+00
0.000000000000000000e+00
3.000000000000000000e+00
5.939597315436241365e-01
2.000000000000000000e+00
1.200000000000000000e+02
7.700000000000000000e+01
4.480000000000000000e+02
2.300000000000000000e+02
2.672666969953229277e+00
nan
1.999980987460496351e+00
1.045096386565624869e-01
6.377232071487773379e-02
3.023420512670900207e+06
2.186260653748619068e-02
1.631495250239764841e-02
nan
-2.085412641962069991e-02
8.503771294407548309e-01
4.728782269210187938e-07
5.765725224518607502e-06
-1.384994000230050531e-04
1.000196451861291802e+00
7.435570931720958485e-04
1.359736399546186345e-03
6.179022118617836360e-12
