1.034719946858517481e-01
1.376812592865969964e-01
3.321923119766659660e+00
0.000000000000000000e+00
8.676599474145486879e-02
2.411246162140391613e-01
2.774353466320932382e-01
0.000000000000000000e+00
4.941143456526941175e-02
1.748370448729231683e-02
2.433105351852606901e+00
2.762642531318829642e-01
2.246898536210941433e-01
9.022086299986320501e-02
1.485734171586577668e-01
4.914900421558844879e-01
1.858323648758962721e+00
8.009045693882518080e+00
1.000000000000000056e-01
1.501370602005715760e-01
nan
nan
8.441310458109441583e+00
nan
nan
1.152525252525252597e+01
6.719427871989899215e-01
6.332706306439673805e-01
5.451233806830292572e+00
8.448712261099192156e-02
5.287748540849170453e+00
5.134605569750565479e+00
2.659605564115497867e+00
4.453663655227457219e-01
4.597813836733573023e-01
2.947012844949495225e+00
1.434080913288644288e+00
6.158343756382721349e-11
7.098802030604239865e-01
-8.645040972575757099e-02
6.688565467069622628e-01
-1.600711481818181792e+00
4.388938615093280760e-01
3.037946647889729901e-01
8.448712261099192156e-02
9.900000000000000000e+01
0.000000000000000000e+00
0.000000000000000000e+00
1.000000000000000000e+01
1.300762729334157819e-01
9.000000000000000000e+00
1.141000000000000000e+03
0.000000000000000000e+00
9.900000000000000000e+01
9.000000000000000000e+01
9.934764512978496498e+00
nan
1.139032697386267001e+00
4.547724326767676573e+00
1.483371852670681390e+00
2.115694964850768578e+00
6.024083574482936854e-01
3.604253027738231752e-01
nan
9.849572554283280157e-01
1.082046877779223149e+00
7.772535755076083162e-07
7.747018986939104585e-08
-5.830198612074121572e-02
6.840334195387034466e-01
4.914900421558844879e-01
6.801799014272998933e-01
1.948382066902099863e-01
