8.414092167431068414e-02
1.072134060281116213e-01
3.169925001442312595e+00
0.000000000000000000e+00
8.978675645342311384e-02
5.723400249438448384e-01
nan
0.000000000000000000e+00
7.413017713299376206e-03
6.127396317542396255e-03
9.567799702878740931e-01
3.751848389737958978e-01
2.605467120490735367e-01
9.587264548129357730e-03
1.115773579170050052e-02
2.652065258528448280e-02
1.332794814483412860e-01
2.198150942034305544e+01
5.000000000000000000e-01
1.722134360465553127e-01
nan
nan
2.381504609329633260e-01
nan
nan
1.113749999999999929e+01
2.207578596337499977e-01
1.178882451471789383e-01
4.083178389820282916e+00
3.644651881053152798e-02
1.328248759480600949e+00
2.515415206123892133e+00
4.871505083685990223e-01
1.641738802688407495e-01
9.381161432440585091e-02
5.605798799749999173e-01
9.839658703410505414e-01
1.222532061695424995e-10
9.864957094345488953e-01
4.289246225000003902e-03
9.890595242122985908e-01
-5.310263733475000247e-01
9.345638445301228669e-01
4.352658190990334880e-02
3.644651881053152798e-02
8.000000000000000000e+01
0.000000000000000000e+00
0.000000000000000000e+00
2.000000000000000000e+00
2.955696202531645778e-01
1.000000000000000000e+00
8.910000000000000000e+02
0.000000000000000000e+00
8.000000000000000000e+01
6.100000000000000000e+01
7.182733590254827050e+01
nan
3.275731041527209508e-01
1.091606253322500164e+00
4.264046708752452508e-01
4.871505083685990223e-01
1.506611643890908847e-01
6.221128661656916831e-02
1.095868354923172916e+00
-9.033148709813097754e-02
6.937459708644980738e-01
5.208030822936392323e-07
6.569903829276618727e-07
-5.727061276315587252e-04
9.907093313133702450e-01
2.652065258528447586e-02
2.130059125834535966e-02
6.724268958472789937e-01
