3.465841378785725069e-02
5.593135704352573262e-02
3.700434690788611647e+00
3.050952738470237930e-07
4.266666666666666941e-01
7.410393312143310762e-01
3.237993627041572675e-01
0.000000000000000000e+00
9.986984204746396365e-02
6.204831109763275787e-02
3.000000000000000000e+00
2.267467500554073145e-01
2.060714026199147175e-01
1.523469976825210341e-02
3.624730193285359559e-02
8.181812174987268538e-02
1.265500486638596156e+00
3.760896231735936457e+00
1.250000000000000000e-01
0.000000000000000000e+00
nan
nan
1.339038852265582769e+01
nan
nan
2.343750000000000000e+00
3.159338437620849982e-01
3.156487257222018727e-01
5.902752485498071522e+00
4.397746618627879633e-01
4.897389532108488708e-01
2.021166237329495186e+00
8.130954542960527078e+02
1.921231452285434016e-01
1.568459513711507880e-01
6.977329516946289001e-01
1.249920663681800548e+00
1.161584717301877845e-11
9.581941472823786166e-01
-1.591463249423831494e-02
9.441091210935766975e-01
-5.817015685843262007e-01
8.248065519882467056e-01
7.976822052905390148e-01
4.397746685370339526e-01
1.024000000000000000e+03
0.000000000000000000e+00
0.000000000000000000e+00
8.000000000000000000e+00
9.746341947702834296e-02
7.000000000000000000e+00
2.400000000000000000e+03
0.000000000000000000e+00
1.024000000000000000e+03
8.500000000000000000e+02
3.638983628123941383e+00
nan
4.473051196571791621e+00
1.279434520278955212e+00
6.785387604988536436e-01
6.523813239347384751e+02
2.277892881485228394e-01
1.730878944350945636e-01
nan
1.927721868193369714e-01
5.367982550239623896e-01
4.904956530584775124e-08
1.036082685532479635e-07
-9.013734625582775495e-03
9.498713010734011197e-01
8.181812174987271313e-02
1.357496390804125985e-01
2.699292583744501553e-08
