1.029974442906857468e-01
8.900615843878045830e-02
2.999971863741504041e+00
0.000000000000000000e+00
1.444043321299638971e-01
6.660833013636158206e-01
2.106732292320374345e-01
0.000000000000000000e+00
5.843534297894627944e-02
2.554573607261498638e-02
1.468695311812469262e+00
4.130916596926654250e-01
2.673283105876886889e-01
1.034330827770506799e-02
1.195858676243226858e-02
2.625116760981924258e-02
1.432333830587865231e-01
4.420487906546579637e+00
3.333333333333333148e-01
1.580359014009899699e-01
nan
nan
1.649360843970165247e+00
nan
nan
6.924999999999999822e+00
2.283787514062499413e-01
1.297546444748959582e-01
4.136419843842605637e+00
1.620586575627233072e-01
9.708894984743861034e-01
2.973243697732530944e+00
2.343949279300519883e+00
1.696007613877762443e-01
1.073376120826103064e-01
4.867815400999999653e-01
9.989299404409326399e-01
-1.242681402224832151e-10
9.866430581433749403e-01
8.010970318749973534e-03
9.869991430346072292e-01
-4.421299275350000224e-01
9.073870904233269918e-01
3.322473317113673330e-01
1.620586575627233072e-01
8.000000000000000000e+01
0.000000000000000000e+00
0.000000000000000000e+00
3.000000000000000000e+00
3.594936708860759778e-01
2.000000000000000000e+00
5.540000000000000000e+02
0.000000000000000000e+00
8.000000000000000000e+01
5.500000000000000000e+01
8.029333202734836306e+00
nan
9.317171382259616941e-01
9.289114676349999877e-01
3.951788249465395531e-01
1.978933474410975890e+00
1.481168023198190242e-01
6.608456784079563828e-02
1.399838243016055639e+00
-1.209455595926665905e-01
5.874402431006173764e-01
1.267278889290638282e-06
1.685922254124396816e-06
4.656128148033941488e-04
9.897553578624854742e-01
2.625116760981925992e-02
2.280518788455876411e-02
2.459243405222396317e-01
