1.465770477147685658e-01
1.306703533316635468e-01
2.999983547612639523e+00
4.468910623126621565e-16
1.446654611211573294e-01
5.105792402668754004e-01
4.957185973340810237e-01
0.000000000000000000e+00
8.821542475187413301e-02
3.850182840486602448e-02
2.319379133952507832e+00
4.133929686005743953e-01
2.673149058137135325e-01
1.034995602027502341e-02
1.196130848662477208e-02
2.625022000464960481e-02
1.432900678948776929e-01
4.288342939304658152e+00
1.666666666666666574e-01
1.147586562523271042e-01
nan
nan
1.227913289812488928e+00
nan
nan
6.912499999999999645e+00
2.282825953349999770e-01
1.297894631090000805e-01
4.778505952805346624e+00
2.581634322093554479e-01
9.730179481994636337e-01
2.969931643595775661e+00
1.033651659633060049e+01
1.697880170202299976e-01
1.079782685651055479e-01
4.867815400999999653e-01
9.989299404409326399e-01
-1.274087418901004350e-10
9.866435875361362351e-01
8.083241649999966735e-03
9.869060163207425962e-01
-4.421299275350000224e-01
9.073870904233269918e-01
5.408567287598010642e-01
2.581634322093554479e-01
8.000000000000000000e+01
0.000000000000000000e+00
0.000000000000000000e+00
6.000000000000000000e+00
3.601265822784810444e-01
5.000000000000000000e+00
5.530000000000000000e+02
1.000000000000000000e+00
8.000000000000000000e+01
5.500000000000000000e+01
4.546725016238000627e+00
nan
2.286403513928973119e+00
9.289114676349999877e-01
3.951788249465395531e-01
7.716192398912331996e+00
1.481187106302812584e-01
6.607297512137612350e-02
nan
-1.216008352781977331e-01
5.882100559384397798e-01
1.271874908274247334e-06
1.692037057339388017e-06
4.902593157975851813e-04
9.897718221762888957e-01
2.625022000464961175e-02
2.280584200078033391e-02
1.769178048407955492e-02
