3.241299140680158064e-02
2.986260629633482114e-02
3.906890595608518257e+00
4.443855657121084061e-16
1.992031872509960055e-01
2.458158251933207084e-01
8.607622980051505834e-01
0.000000000000000000e+00
1.326611475821824482e-01
4.888087824160217837e-02
5.390385438085092851e+00
3.272724111272520275e-01
2.461177227060480088e-01
1.683441878035166206e-02
4.656905336516548033e-02
8.956272289388400587e-02
1.379590404644146062e+00
5.017556505980149240e+00
2.380952380952380820e-02
1.237231416133141495e-03
nan
nan
5.062226928883696075e+00
nan
nan
5.019999999999999574e+00
2.671627230141733200e-01
2.612813943444707854e-01
8.222971154085263024e+00
3.089616044919048510e-01
9.501443796044158674e+00
2.707692798669856060e+01
1.563024885733936173e+02
1.921414014244282875e-01
1.920080662377153247e-01
1.357687022226666818e+00
1.065453933623313754e+00
7.918667203436295493e-13
9.541181901359333528e-01
-6.558332985406650426e-03
9.664577681938162357e-01
-1.095726452397199902e+00
9.762475712811905515e-01
1.074304879608349195e+00
3.089616044919048510e-01
7.500000000000000000e+02
0.000000000000000000e+00
0.000000000000000000e+00
4.200000000000000000e+01
2.398540275923453369e-01
4.100000000000000000e+01
3.765000000000000000e+03
0.000000000000000000e+00
7.500000000000000000e+02
7.460000000000000000e+02
2.636668388803020235e+00
nan
3.211391156321870710e+01
2.453413474623866719e+00
1.389932018936318681e+00
4.119602218347807820e+00
2.183769156899273145e-01
2.047685338561124335e-01
nan
6.919503790752502548e-01
1.348241184680678995e+00
1.986033243679255085e-08
4.236198541175790693e-08
-3.107302346309249227e-03
9.660318647542525117e-01
8.956272289388403363e-02
2.534160318436456949e-01
1.958869738306874959e-28
