3.255522758843486936e-02
6.469063525417444172e-02
3.906890591537475199e+00
7.878276920033734145e-08
1.992031872509960055e-01
-3.329816074367022982e-02
8.786317555997084083e-01
0.000000000000000000e+00
1.192570470678139538e-01
4.212038080308899007e-02
5.390385438085092851e+00
3.405087065022072701e-01
2.365927975509939940e-01
1.716425999551997317e-02
3.517055924767027719e-02
7.385272723476710155e-02
1.084475999179880690e+00
5.423731235451428212e+00
2.380952380952380820e-02
1.237231416133141495e-03
nan
nan
9.589719753308202144e+00
nan
nan
5.019999999999999574e+00
2.753203744597266800e-01
2.427237772513009817e-01
8.303424158266624389e+00
3.049833058138241570e-01
4.157887985365846362e+00
8.386839212564806800e+00
1.340882275225565650e+02
1.979304040233025308e-01
1.745014383449690898e-01
1.096522210517200113e+00
1.008706582821172537e+00
1.397552296111825770e-12
9.623244321894526276e-01
-1.113760126359996565e-03
9.739017703607315557e-01
-1.135605038043999926e+00
1.036254494673545246e+00
9.938518713559448825e-01
3.049833068397546088e-01
7.500000000000000000e+02
0.000000000000000000e+00
0.000000000000000000e+00
4.200000000000000000e+01
2.395086782376501799e-01
4.100000000000000000e+01
3.765000000000000000e+03
0.000000000000000000e+00
7.500000000000000000e+02
7.450000000000000000e+02
2.931059249510870934e+00
nan
3.092520994579439630e+01
2.232127248561200261e+00
1.355062372176900176e+00
4.041400213931439112e+00
2.148393762369198157e-01
1.665345248996226435e-01
nan
2.895558682460793731e-01
8.872455593446042510e-01
2.127284521569754041e-08
4.541688125818030838e-08
-2.110166875467825963e-03
9.712967546103028482e-01
7.385272723476710155e-02
1.655489400219161966e-01
3.186581371558271664e-26
