3.992781207753674788e-02
7.368153997358677099e-02
2.807287227419267950e+00
1.682248818639210468e-05
9.660633484162896023e-01
8.617515287975310301e-01
2.703127742153659252e-01
0.000000000000000000e+00
2.725928840566928246e-02
1.049298100784930299e-02
2.534558367626826847e+00
2.468637306192941194e-01
2.002488747215292186e-01
2.189552143983167221e-01
1.811486008563526484e-01
8.932206322755231742e-01
5.874121423805110709e+00
2.053520308154633156e+01
1.666666666666666574e-01
4.584821765783005793e-02
nan
nan
5.711817099397968889e+00
nan
nan
1.035128805620608938e+00
1.339135327913056228e+00
1.616206808529767336e-01
5.218420549890127269e+00
5.000833421334515555e-02
-3.655026500862415539e-01
2.480052201793306599e-01
1.688842176214037352e+02
9.926781623778392349e-01
1.200331099742920765e-01
2.579168367681498708e+00
4.389632516572208876e-01
-3.840136639590168026e-11
3.266622268496499615e-01
8.335380977537469246e-03
3.458713893827354280e-01
-2.467042436908665426e+00
4.314327242052966582e-01
1.234250451559678885e-01
5.001100596299802581e-02
4.270000000000000000e+02
0.000000000000000000e+00
0.000000000000000000e+00
6.000000000000000000e+00
7.904256137920417924e-02
5.000000000000000000e+00
4.420000000000000000e+02
1.910000000000000000e+02
4.270000000000000000e+02
2.470000000000000000e+02
2.174487502817436990e+01
nan
4.005354470540439138e+00
5.046210804590164578e+00
5.483523371529156476e-01
7.023779232672622186e+01
9.417292017664730119e-01
7.988546940135984875e-02
nan
-2.437590748318279113e-02
1.878904601204573199e-01
0.000000000000000000e+00
0.000000000000000000e+00
7.165491128467601535e-03
3.421018392660167273e-01
8.932206322755231742e-01
1.501949379404710072e-01
5.451508174728767696e-07
