1.395454095454482790e-01
1.048980867563159697e-01
1.584962500721156076e+00
0.000000000000000000e+00
9.500000000000000000e+00
9.999462369676739293e-01
9.028984344638986827e-05
0.000000000000000000e+00
2.751028783223090635e-01
1.130190532363634370e-01
1.860181362366893243e+00
3.906576136121741594e-01
2.561632259956412860e-01
2.225394453178432746e-05
6.820765096581738927e-05
1.008530783785504132e-04
1.747482974755996260e-03
4.030555077685848531e+00
2.500000000000000000e-01
1.283802223143482579e-01
nan
nan
4.218992645831536326e-01
nan
nan
1.052631578947368363e-01
8.471189872513157706e-03
8.944390047395261306e-03
2.983623966569250108e+00
1.773929327197803496e-01
1.279249958062088410e+00
2.014378674487035781e+00
1.729434464095160484e+09
6.149446017015630477e-03
6.124345090271210434e-03
1.744220811144016337e-02
1.002164610527036315e+00
-3.686131166384591972e-11
9.999503254468070645e-01
1.918017725438602794e-04
1.000299162908068418e+00
-1.618522920736843382e-02
9.964794735416215854e-01
4.615198965187991553e-01
1.773929327197803496e-01
5.700000000000000000e+02
0.000000000000000000e+00
0.000000000000000000e+00
4.000000000000000000e+00
3.315203650602780994e-01
3.000000000000000000e+00
6.000000000000000000e+01
1.670000000000000000e+02
5.700000000000000000e+02
4.240000000000000000e+02
2.434223557156209417e+00
nan
2.999677446781945811e+00
3.362743731880860065e-02
3.318901191175093607e-02
1.729279107869984627e+09
7.021553776470604649e-03
7.186199273281053922e-03
nan
-2.123687599597600950e-01
1.028778103186895221e+00
0.000000000000000000e+00
0.000000000000000000e+00
1.344269204923776164e-05
1.000096780970136212e+00
1.008530783785503997e-04
3.458695302838663563e-04
1.200608059746899325e-18
