1.668424570831531784e-01
1.321947030150407432e-01
2.584904735425366251e+00
1.115356732176726168e-04
6.410256410256410575e+00
1.180381168741880538e-01
9.928667884699283741e-01
0.000000000000000000e+00
2.395470078597055630e-01
1.236371796330355474e-02
5.700439718141093515e+00
3.777049995656217574e-01
2.479300245426242499e-01
4.710991327007128859e+00
3.097626303617401433e+00
1.248976568025309852e+01
2.521466080975787065e+02
6.002870993102074060e+00
1.923076923076923531e-02
3.503296016459109877e-18
nan
nan
2.126915740270127912e+02
nan
nan
1.559999999999999998e-01
4.191138478037499837e+00
3.168639280611353359e-01
7.335725558759042642e+00
3.702136354048028710e-02
5.935503319384612952e-01
2.762933689947044136e-01
4.213302352623484097e+06
1.976278906562624949e+00
8.887965830046427873e-02
1.596019440150000079e+01
9.060153377352825332e-01
4.409844145524551173e+00
7.970047603579316631e-02
3.112757868425000130e+00
5.159995006850636584e-02
-1.411774042146000108e-01
1.941682092962561668e-01
9.496188948074169023e-01
3.702029333723894783e-02
2.000000000000000000e+03
0.000000000000000000e+00
0.000000000000000000e+00
5.200000000000000000e+01
2.555787893946973588e-01
5.100000000000000000e+01
3.120000000000000000e+02
0.000000000000000000e+00
2.000000000000000000e+03
2.000000000000000000e+03
1.722044337533517488e+00
nan
4.999980583112490962e+01
1.610137180571460291e+01
9.205501285246225907e-01
8.429141347875379142e+04
3.532760738911500109e+00
9.680871769876660260e-02
nan
1.238677686609209072e+00
7.160792728847736877e-02
3.051749580316339664e-04
5.406530327117068670e-05
3.412692500298936338e+00
8.269471927196453409e-02
1.248976568025309675e+01
6.823307153332528463e-01
5.211201703385109172e-247
