8.724619294320172525e-02
1.131108672155140132e-01
2.999970405765037818e+00
4.468910623126621565e-16
1.322314049586776896e-01
7.913310112905305171e-01
9.467672702729440504e-02
0.000000000000000000e+00
7.113420611843593311e-02
3.876077768989479033e-02
1.446542895445025678e+00
4.549334034900347490e-01
2.847915203635589254e-01
7.867962790173583729e-03
8.460145338995054762e-03
1.763708386919037724e-02
1.043647049298394719e-01
3.513595800337147690e+00
3.333333333333333148e-01
1.692204679917071186e-01
nan
nan
1.319570541089766458e+00
nan
nan
7.562500000000000000e+00
1.941862073212499984e-01
1.053115487866364830e-01
4.034814580683866225e+00
2.315117979128587244e-01
-2.407718747401295656e-01
1.261939336036101533e+00
3.901169079903546777e+00
1.444069264389674923e-01
8.847098754016863298e-02
3.365699293874999665e-01
9.927188094792086526e-01
3.754400540456615235e-11
9.910444909266966640e-01
5.808224750000002060e-03
9.877619336039072939e-01
-3.232464541625000298e-01
9.803276808890875049e-01
4.116987205261978255e-01
2.315117979128586967e-01
8.000000000000000000e+01
0.000000000000000000e+00
0.000000000000000000e+00
3.000000000000000000e+00
4.246835443037974556e-01
2.000000000000000000e+00
6.050000000000000000e+02
1.000000000000000000e+01
8.000000000000000000e+01
4.900000000000000000e+01
6.286810126421413791e+00
nan
1.261373221500788233e+00
6.598163835500000518e-01
2.554537979428388450e-01
2.797089347262762704e+00
1.226207762590081768e-01
5.132402994160461390e-02
1.502972190621568505e+00
-5.221658758768754627e-02
3.873848486161681204e-01
1.027915442305132917e-07
5.240510235497872644e-07
-5.597304259573651197e-04
9.931267729950986611e-01
1.763708386919038418e-02
1.467963986724619106e-02
1.251661778366270072e-01
