1.712164763979130699e-01
1.540214239101041216e-01
3.169925001442312595e+00
0.000000000000000000e+00
8.978675645342311384e-02
6.844329289596370325e-01
nan
0.000000000000000000e+00
1.528906828099493853e-02
9.968862676519064936e-03
9.054522631867891747e-01
4.490699254327120693e-01
2.849055681038096255e-01
7.797004818812407374e-03
8.273651928718943685e-03
1.783054395596030128e-02
1.026628142639248870e-01
9.741073908479220833e+00
5.000000000000000000e-01
2.531616870914800144e-01
nan
nan
7.782244178664687873e-01
nan
nan
1.113749999999999929e+01
1.829045821212499923e-01
9.595756770014873815e-02
3.982425268607530988e+00
6.230452363664935878e-02
5.349766549585768249e-01
1.899011606754981374e+00
8.812850237366001149e-01
9.262816333611753605e-02
4.362101809206085645e-02
4.262738809250000149e-01
1.002655347248840201e+00
1.992586859400624633e-10
9.909409758309847271e-01
-1.159280714999998997e-02
1.007627450301639138e+00
-3.814810739374999704e-01
9.320412480804544098e-01
9.295199602157094843e-02
6.230452363664935878e-02
8.000000000000000000e+01
0.000000000000000000e+00
0.000000000000000000e+00
2.000000000000000000e+00
4.237341772151898556e-01
1.000000000000000000e+00
8.910000000000000000e+02
5.000000000000000000e+00
8.000000000000000000e+01
5.400000000000000000e+01
3.310281798259267561e+01
nan
4.684484342442675753e-01
8.077549548625000408e-01
3.755722110315742324e-01
8.812850237366001149e-01
1.236086492436447165e-01
5.083052793597597763e-02
1.144401391018767811e+00
-5.270222011120972994e-02
5.528465961461392908e-01
7.890417876530293686e-08
3.075226308838502416e-07
-2.279264064287544935e-03
9.952924594087084742e-01
1.783054395596029781e-02
1.420064777968383686e-02
5.315515657557323692e-01
