7.202114504250123339e-02
2.733091356574285716e-02
2.584920037454802255e+00
8.427989256565258393e-05
6.410256410256410575e+00
-3.134746376767226228e-01
9.485622877485279103e-01
0.000000000000000000e+00
2.811051311168254463e-01
1.785257224030389195e-02
5.700439718141093515e+00
4.432707261198052806e-01
1.385208176840179994e-01
2.768818409495114263e+00
8.815460350573176562e-01
6.643641981100504523e+00
1.299748023950411380e+02
5.394241291568453889e+00
1.923076923076923531e-02
3.503296016459109877e-18
nan
nan
8.106374072907316020e+01
nan
nan
1.559999999999999998e-01
2.902461988212500010e+00
1.568215709651666345e-01
7.228595808634299402e+00
4.883075514200808237e-02
1.385078817696095577e+01
2.637712519952949108e+01
4.239266058757229894e+07
2.133741523555950259e+00
1.200909183065916735e-01
1.556942366749999884e+01
9.114225954527945817e+00
3.439246353918285592e+00
1.027108778381619070e-01
3.244496338200000274e+00
1.129922490564715387e-01
-9.462562558800000190e+00
9.541527649852415749e+00
1.056763946961595257e+00
4.883107076193368701e-02
2.000000000000000000e+03
0.000000000000000000e+00
0.000000000000000000e+00
5.200000000000000000e+01
3.190835417708854371e-01
5.100000000000000000e+01
3.120000000000000000e+02
7.800000000000000000e+01
2.000000000000000000e+03
1.986000000000000000e+03
1.446071371839432018e+00
nan
5.000010445873023457e+01
2.503198622629999903e+01
1.246703185353184473e+01
8.482383430680575548e+05
2.544135698885098051e+00
4.136436598058617076e-01
nan
1.273678969436885522e-01
2.421697169581028319e+00
2.545840323693630228e-04
5.214336891131893833e-05
3.301703218222340031e+00
7.709651885859242215e-02
6.643641981100503635e+00
2.548027035468776624e+00
3.836544661291720861e-297
