1.977598248256262348e-01
1.317498269521587828e-01
2.321928094887362182e+00
4.456392641609725838e-16
6.857142857142857206e-01
4.319865746373780513e-01
4.491893710423248698e-01
0.000000000000000000e+00
3.870506604627577674e-01
9.363364060200210504e-02
2.807354922057603730e+00
3.488119135523799486e-01
2.652102970949966054e-01
1.073712065204319999e-01
1.342611461922531280e-01
3.217663852202916619e-01
2.079462568630207286e+00
2.611925088046965993e+00
1.428571428571428215e-01
2.997944808332385276e-17
nan
nan
2.732095977653142160e+00
nan
nan
1.458333333333333259e+00
6.909707246913193712e-01
4.369714994054651469e-01
4.054460873344833516e+00
2.365034233610387726e-01
9.037948826125047352e-01
2.417165457201881917e+00
1.427718943774348190e+02
4.617290596158493132e-01
2.843306422749729001e-01
1.253577307025000032e+00
8.192795571307343039e-01
-1.587976524966252798e-10
8.231199402413426069e-01
-3.843108707746527991e-02
8.847714643921399391e-01
-1.078993603722222305e+00
7.369440400833628946e-01
1.074822143600132174e+00
2.365034233610387726e-01
1.440000000000000000e+02
0.000000000000000000e+00
0.000000000000000000e+00
7.000000000000000000e+00
2.700077700077699872e-01
6.000000000000000000e+00
2.100000000000000000e+02
6.000000000000000000e+00
1.440000000000000000e+02
8.500000000000000000e+01
1.160290526868036798e+00
nan
2.128529859288607717e+00
2.332570910747222115e+00
6.628882607261473714e-01
1.069283548197845732e+02
5.241030359768901192e-01
2.177421420003404218e-01
nan
4.074393049386788868e-02
1.072056677620494058e+00
1.589808943120422777e-07
1.907770731744507227e-06
-1.331446530787650309e-02
8.794314865295709271e-01
3.217663852202919395e-01
2.618201104178227157e-01
2.128910165131683201e-04
