8.958695868140813257e-02
7.238315275757201128e-02
2.800494650618950310e+00
1.252575511158705683e-02
4.000000000000000222e-01
9.722665673726549329e-01
nan
0.000000000000000000e+00
4.048953775070102817e-02
3.050957617964861202e-02
1.000000000000000000e+00
3.059640958015109602e-01
2.066052752537292092e-01
2.657769002140479286e-01
2.534865468522697896e-01
9.512272522911724426e-01
4.443141500916720332e+00
4.975937237291621074e+00
5.000000000000000000e-01
0.000000000000000000e+00
7.061070210369035927e-01
3.715210631291682164e-01
1.154899565886120882e+01
4.588496126278668874e-01
1.984013036409209285e-01
2.500000000000000000e+00
1.165763888888888822e+00
6.892382841899906687e-01
3.599527485578038810e+00
1.747866544305273495e-01
3.252783147478075954e+00
3.509393868038515052e+00
1.728229703166682185e+01
7.308497291666665729e-01
5.378295728273013721e-01
4.928472222222222143e+00
1.358013934161518499e+00
1.108390817901234726e+00
4.735635034034273994e-01
8.815972222222222543e-01
5.532553542309708305e-01
1.136805555555555625e-01
3.598264009908651306e-02
2.009671650409110000e-01
1.771200670130520238e-01
1.440000000000000000e+02
0.000000000000000000e+00
0.000000000000000000e+00
2.000000000000000000e+00
1.595765345765345899e-01
1.000000000000000000e+00
3.600000000000000000e+02
0.000000000000000000e+00
1.440000000000000000e+02
1.370000000000000000e+02
1.293508561485082353e+01
nan
9.453022780306054029e-01
4.814791666666667247e+00
1.357686724913738319e+00
1.728229703166682185e+01
9.316824414087064854e-01
2.894423335359508909e-01
nan
1.551902660936906209e+00
9.087574935778655050e-01
6.387694791447527491e-03
3.368354181403254884e-03
9.278472222222222676e-01
5.047527773351676572e-01
9.512272522911722206e-01
5.637759278886589343e-01
5.469772196939459014e-02
