7.523301198272364099e-02
7.037438156033318237e-02
2.584957431768570846e+00
2.100285357855488034e-05
6.410256410256410575e+00
1.513060095119482529e-01
7.176449256659879206e-01
0.000000000000000000e+00
2.505581100326416677e-01
1.622066523239832844e-02
5.700439718141093515e+00
4.493058787314589408e-01
1.383649706574826832e-01
8.834916245322189354e+01
2.767461233821422795e+01
1.967022486281265969e+02
4.140417068324921274e+03
5.792250087613799003e+00
1.923076923076923531e-02
3.503296016459109877e-18
6.550937831338062267e+01
4.691281107038707821e-01
1.106221792968808131e+03
6.407797340788249585e+01
4.556508211463085600e-01
1.559999999999999998e-01
2.070170355287499930e+01
1.293677548440436142e+00
7.301247703336049888e+00
4.478623964303367344e-02
-3.990392282179618388e-01
2.212676963494253912e-01
2.588061125379935373e+06
1.526796374459054917e+01
9.843286715091505990e-01
1.099545956159999918e+02
4.197703453970298426e+00
6.695898275052869053e+01
4.937742071644609099e-01
6.574538708174999613e+01
9.549391220305180061e-01
4.001339339895000080e+01
2.171209511222748301e+00
9.841494465736150277e-01
4.478639339798604069e-02
2.000000000000000000e+03
0.000000000000000000e+00
0.000000000000000000e+00
5.200000000000000000e+01
2.412781390695347694e-01
5.100000000000000000e+01
3.120000000000000000e+02
0.000000000000000000e+00
2.000000000000000000e+03
1.252000000000000000e+03
1.626590342318720683e+00
nan
2.691828090094298531e+01
6.994120221705000517e+01
4.887659440314131132e+00
1.927004033604688710e+06
1.401890959169767648e+01
4.153417175105797443e-01
nan
3.680539018604521151e-01
9.510570812758471770e-02
3.891244394911241947e-05
2.043885284408966747e-05
6.614351158063031733e+01
6.178876016546855920e-01
1.967022486281266538e+02
1.170117221389258155e+01
1.205740949722869665e-47
