1.421813578292331279e-02
1.190010662083091850e-02
3.584959256133430028e+00
0.000000000000000000e+00
4.853080568720379295e-01
4.291672316570647322e-02
8.252178908216205588e-01
0.000000000000000000e+00
2.875689021849348742e-02
5.005620118664851938e-03
4.725318764925858339e+00
3.383023617739235739e-02
7.176631268267646968e-02
3.298634396900360782e-02
7.660765511105718795e-02
9.962090079819388988e-01
2.687084313042846784e+00
2.023583744335731538e+01
2.564102564102564014e-02
2.436372098015077842e-02
nan
nan
1.816889188250960174e+01
nan
nan
2.060546875000000000e+00
1.015533500694213886e+00
1.335802612189552208e-01
8.076765631065415008e+00
3.677673147183431468e-02
2.381789346405390528e+00
1.707577531891997458e+00
7.540093662847922928e+01
7.535456724685236640e-01
1.003555348820461685e-01
4.587638432910156716e+00
1.246251493184938663e+00
-1.106420510765815379e-12
5.735659662944325721e-02
2.559771470825000089e-02
3.868771865952230771e-02
-5.339708899306640610e+00
1.549969507471433250e+00
2.335123899938723602e-01
3.677673147183431468e-02
1.024000000000000000e+03
0.000000000000000000e+00
0.000000000000000000e+00
3.900000000000000000e+01
7.447840298142717821e-03
3.800000000000000000e+01
2.110000000000000000e+03
0.000000000000000000e+00
1.024000000000000000e+03
1.024000000000000000e+03
1.435232993944134350e+01
nan
2.526641910612381636e+01
9.927347332216797327e+00
2.354046556525721812e+00
1.984238427072421374e+00
9.875174632567461641e-01
1.450476248036159654e-01
nan
-4.081462658114891617e-01
2.218069014920989179e-01
2.854238344056317439e-09
2.518293237765725231e-08
3.706786962617522607e-02
4.803515345175227852e-02
9.962090079819390098e-01
3.108663826742139036e-01
9.043661334017285507e-19
