6.675722125722644007e-02
7.606459725169147090e-02
3.700435397128777559e+00
2.974720323861623624e-07
3.009781790820165517e-02
4.057712846947431062e-01
nan
0.000000000000000000e+00
4.812564595769562234e-03
2.648201528941115067e-03
9.436532318881996062e-01
3.406108250277202765e-01
2.563869875333689707e-01
1.425636067142665997e-02
1.611295377442609200e-02
4.198882108174174788e-02
1.945442765943471708e-01
2.267771655732487091e+01
5.000000000000000000e-01
1.963298737831723761e-01
nan
nan
4.884681904702093957e-01
nan
nan
3.322500000000000142e+01
2.486131884937499981e-01
1.133135438299731901e-01
4.602477154179868357e+00
2.324776696330909526e-02
6.849480841505628526e+00
7.296942599256971640e+00
1.971034914798082960e-01
1.775383022553183865e-01
8.687034750968843089e-02
1.260484881075000008e+00
9.768481008167225754e-01
1.599929355666773874e-11
9.785170780100749255e-01
5.604177249999994998e-04
9.821624466463670933e-01
-1.019952203662499945e+00
6.686642084634888406e-01
4.161147483710836426e-02
2.324774493658610108e-02
8.000000000000000000e+01
0.000000000000000000e+00
0.000000000000000000e+00
2.000000000000000000e+00
2.655063291139240778e-01
1.000000000000000000e+00
2.658000000000000000e+03
0.000000000000000000e+00
8.000000000000000000e+01
7.900000000000000000e+01
8.792824423105513176e+01
nan
1.646503354828222632e-01
2.280437084737499731e+00
6.440054009835790572e-01
1.971034914798082960e-01
1.944539384131234727e-01
6.503348245612845802e-02
1.096234769906664797e+00
-1.108668496011812055e-01
1.295980678269160302e+00
9.385119230484021545e-08
8.714369181522617859e-08
-4.277601493670827107e-03
9.858154783440534752e-01
4.198882108174173400e-02
2.871167852434375334e-02
8.353496645171777368e-01
