2.014866742009711054e-01
1.532298128566076667e-01
2.999970405765037818e+00
4.468910623126621565e-16
1.322314049586776896e-01
6.757537260364010478e-01
1.909708285498723512e-01
0.000000000000000000e+00
1.064775112699050535e-01
5.834757856152701649e-02
2.055301210109652832e+00
4.549334034900348045e-01
2.847915203635589254e-01
7.867962790173585463e-03
8.460145338995054762e-03
1.763708386919037724e-02
1.043647049298394719e-01
3.286169159375034177e+00
1.666666666666666574e-01
1.572678993857908325e-01
nan
nan
1.297020494485593423e+00
nan
nan
7.562500000000000000e+00
1.941862073212499984e-01
1.053115487866364830e-01
4.429831746400493486e+00
3.463854934469960956e-01
-2.407718747401298709e-01
1.261939336036101311e+00
1.100432860926479606e+01
1.444069264389674923e-01
8.847098754016863298e-02
3.365699293874999665e-01
9.927188094792086526e-01
3.754398181232687648e-11
9.910444909266966640e-01
5.808224750000002060e-03
9.877619336039072939e-01
-3.232464541625000298e-01
9.803276808890875049e-01
6.254398694741969411e-01
3.463854934469960956e-01
8.000000000000000000e+01
0.000000000000000000e+00
0.000000000000000000e+00
6.000000000000000000e+00
4.246835443037974556e-01
5.000000000000000000e+00
6.050000000000000000e+02
1.000000000000000000e+01
8.000000000000000000e+01
4.900000000000000000e+01
3.796576860837305833e+00
nan
2.429094920688495751e+00
6.598163835500000518e-01
2.554537979428388450e-01
7.752757365162710634e+00
1.226207762590081768e-01
5.132402994160461390e-02
nan
-5.221658758768712300e-02
3.873848486161675098e-01
1.027915442305132917e-07
5.240510235497872644e-07
-5.597304259573415925e-04
9.931267729950985501e-01
1.763708386919038418e-02
1.467963986724619106e-02
1.346291952393236478e-02
