3.083876923274134763e-01
2.470132915278895058e-01
1.999355190325222908e+00
3.144741374244452753e-04
4.062857142857142634e+01
6.633596380968869166e-01
5.830692291007376626e-01
0.000000000000000000e+00
1.580653535432667844e-01
5.962064344954098871e-02
1.925300557789062950e+00
6.000366456251655656e-01
2.694249700114428325e-01
2.607024700093305114e+02
2.058421780882320604e+02
4.260009596582156632e+02
1.771601105925860247e+04
4.580171723660969363e+00
2.500000000000000000e-01
9.367769320431430791e-02
2.066921739415727899e+01
1.004003141820953005e+01
1.600288554283816893e+03
1.469464077006659330e+01
7.283916174527989007e+00
2.461322081575246026e-02
3.027300113396624681e+01
1.409776084247526029e+01
3.504300208202312028e+00
1.638759783930466840e-01
-3.573428193380249196e-01
1.690453100210138837e+00
2.557339612771264801e+05
2.032492792498944922e+01
1.055982455705913736e+01
6.867866206047818878e+01
2.387631367446035924e+01
2.759435736738999623e+01
1.257461294368281735e+01
2.239105615330520394e+01
1.144959138976046908e+01
2.970135267229254250e+00
1.149357123597092745e+00
4.203555399119738856e-01
1.639280177976021879e-01
2.844000000000000000e+03
0.000000000000000000e+00
0.000000000000000000e+00
4.000000000000000000e+00
6.606247337824340260e-01
3.000000000000000000e+00
7.000000000000000000e+01
0.000000000000000000e+00
2.844000000000000000e+03
6.520000000000000000e+02
3.756343144053496008e+00
nan
2.000077480216355674e+00
6.570852679324895007e+01
2.284395056416764547e+01
1.912773203456251649e+05
1.928888701992033461e+01
7.345663348912910173e+00
nan
7.467247929830783670e-01
5.433668321865990913e-01
2.156703602381631116e-04
3.542411418530493387e-05
2.462727192083584526e+01
1.233215596869661645e+01
4.260009596582158338e+02
2.434644020304380092e+02
8.109931478731787530e-11
