1.866494031765991157e-01
3.365563941471461096e-02
3.169901948915221812e+00
4.443979267520327188e-16
9.599999999999999645e-01
9.834308637737425585e-01
1.871679455086609897e-03
0.000000000000000000e+00
3.111425107197130988e-02
2.688730727631742038e-03
1.584962500721156076e+00
4.022202276977516339e-02
6.552783444485757447e-02
4.002910873971082112e-02
6.538577166255078732e-02
9.963144120847237106e-01
2.057847782982617169e+00
8.456550021256965977e+00
3.333333333333333148e-01
0.000000000000000000e+00
nan
nan
2.421349428688986283e+00
nan
nan
1.041666666666666741e+00
1.557685757545138827e+00
1.026458813091664507e-01
4.567440204910445445e+00
1.701460682445850303e-02
2.266179227773854887e-01
8.382054954753400677e-01
5.924489035992777985e+01
4.622886090609761855e-01
5.905776570491245991e-02
4.138440442777778117e+00
8.563007713253683040e-01
-3.676707580366509448e-10
6.025081092038232083e-02
-4.890826972430555863e-01
2.580063453680984942e-02
-2.804882394999999917e+00
9.522709568480978159e-01
1.874242447259325817e-01
1.701460682445849956e-02
7.200000000000000000e+02
0.000000000000000000e+00
0.000000000000000000e+00
3.000000000000000000e+00
6.529129964456807655e-03
2.000000000000000000e+00
7.500000000000000000e+02
0.000000000000000000e+00
7.200000000000000000e+02
6.680000000000000000e+02
1.591297704600873786e+01
nan
1.934276030829521709e+00
6.943322837777777146e+00
1.420891153943145246e+00
3.204814124278291843e+01
9.977986985888053217e-01
2.670504968659944550e-02
nan
9.032516544364059818e-01
1.452066239296411210e-01
0.000000000000000000e+00
0.000000000000000000e+00
-2.264107643861796582e-01
7.564821338546323659e-02
9.963144120847237106e-01
5.344846999235473156e-02
1.073133918343680384e-03
