3.861810147662303461e-02
1.884874504456523006e-02
2.584962500721155187e+00
9.193520069792627335e-16
5.000000000000000278e-02
7.558457326291886380e-01
1.754792875639812899e-01
0.000000000000000000e+00
1.022346196253167555e-01
7.708901133595190240e-03
1.584962500721156076e+00
9.442671569172808588e-02
8.135086811790516459e-02
6.876055227890011390e-03
6.961387036745125476e-03
6.807439785068543359e-02
4.000230382118658695e-02
3.505775606676172718e+00
3.333333333333333148e-01
0.000000000000000000e+00
4.337025572136688489e-01
6.881164446686843794e-02
4.501917249506758867e-01
1.866553144990251434e-01
7.721776796432321122e-02
2.000000000000000000e+01
3.637612088333333493e-01
8.377498524588179729e-02
3.717824616665015292e+00
4.144546638094866176e-02
-6.398832809740092609e-01
2.160272221030345163e-01
4.094385804153618302e+00
2.175177064157999829e-01
3.317283529401856418e-02
1.001518494666666648e+00
1.251993535807300120e-02
5.368873182845332881e-01
8.386084834997792337e-02
5.621516786666664878e-01
1.640057390055749131e-01
4.845200513333333334e-03
5.018268539056083832e-03
4.521003847772960271e-01
4.144546638094866176e-02
1.500000000000000000e+01
0.000000000000000000e+00
0.000000000000000000e+00
3.000000000000000000e+00
0.000000000000000000e+00
2.000000000000000000e+00
3.000000000000000000e+02
0.000000000000000000e+00
1.500000000000000000e+01
2.000000000000000000e+00
4.717673746273195690e+00
nan
1.173398523431472107e+00
9.966732941533335000e-01
1.314876038053365212e-02
3.430147086794381739e+00
2.598549244114087275e-01
2.427114931559272090e-02
nan
-1.488171528481148642e-01
5.437337234449822754e-01
0.000000000000000000e+00
0.000000000000000000e+00
5.501578202407407803e-01
1.227590099881808172e-01
6.807439785068544746e-02
1.307637654264659326e-02
1.356332702148851654e-01
