3.321113423898322536e-01
9.884984449557118746e-02
3.169900089117478892e+00
1.251453903288814657e-05
9.599999999999999645e-01
9.766072583998324230e-01
3.363293683364023518e-04
0.000000000000000000e+00
7.562525136790351245e-03
1.490721270198115374e-03
1.584962500721156076e+00
1.662251533861512087e-01
1.592914511403179245e-01
1.291456717832146217e-01
1.446679619896252267e-01
8.983582567521039008e-01
5.220478148193872237e+00
3.536299328693524302e+01
3.333333333333333148e-01
0.000000000000000000e+00
nan
nan
3.302995899296422344e+00
nan
nan
1.041666666666666741e+00
8.849137911156249592e-01
5.023252782320558607e-01
4.710042783781473119e+00
9.050090409851507117e-03
1.117418644849932363e+01
2.172813800652055605e+01
4.125863891857399324e+01
4.419003523591445437e-01
1.921071056159758816e-01
6.500759397222221736e+00
2.991641090177902473e+00
-4.382816282739238523e-10
3.187346299179779630e-01
-3.106676424881944509e-01
1.078776610884940590e-01
-2.057638055277777767e+00
4.628781146632576227e-01
4.481980605716191085e-02
9.050167895796098344e-03
7.200000000000000000e+02
0.000000000000000000e+00
0.000000000000000000e+00
3.000000000000000000e+00
6.238602997991037069e-02
2.000000000000000000e+00
7.500000000000000000e+02
0.000000000000000000e+00
7.200000000000000000e+02
7.200000000000000000e+02
6.972543074092463655e+01
nan
1.907523587435918433e+00
8.558397452500001279e+00
2.974511118993132808e+00
2.084661039702230312e+01
9.169739043460883865e-01
2.399939821924149952e-01
nan
2.218733910674960175e+00
1.200591286048847239e+00
5.261040359070613409e-06
1.329419711376221290e-06
-1.961438680399592016e-01
2.595311837301254587e-01
8.983582567521040119e-01
4.196489012315892109e-01
2.137755946000765000e-03
