6.134453437635422057e-01
8.034132319705365732e-02
3.169901948915221812e+00
4.443979267520327188e-16
9.599999999999999645e-01
9.956386261552601091e-01
4.020685384416054298e-04
0.000000000000000000e+00
5.530415959984241042e-02
2.860414930435175012e-03
1.584962500721156076e+00
2.594666719030294666e-02
5.149086779447801382e-02
1.417800140806160965e-02
3.825587428668123652e-02
9.949112484470427065e-01
1.445541614262247698e+00
4.633373452328359399e+00
3.333333333333333148e-01
0.000000000000000000e+00
nan
nan
2.953693852836259293e+00
nan
nan
1.041666666666666741e+00
6.174772530520833413e-02
7.522023319333688042e-04
4.412789174023814986e+00
1.937598342418748315e-02
2.185853711806279875e+02
1.411445453900358586e+02
2.287651173725305966e+02
4.208431849191499735e-02
8.685705071159955043e-04
1.425277700144444459e+01
7.368862488309247283e+00
-2.532074056599892888e-11
7.094647134483451911e-02
-7.997974077500000223e-02
1.117864054179818281e-03
-1.598918192194444421e+00
1.048604048892500362e+00
3.420752756125630123e-01
1.937598342418748315e-02
7.200000000000000000e+02
0.000000000000000000e+00
0.000000000000000000e+00
3.000000000000000000e+00
2.476433317879771657e-03
2.000000000000000000e+00
7.500000000000000000e+02
0.000000000000000000e+00
7.200000000000000000e+02
7.200000000000000000e+02
8.266679514439612575e+00
nan
1.982592709443777412e+00
1.585169519363888746e+01
7.596217824209458236e+00
1.218876470275119743e+02
8.671500098547776370e-01
4.932545241131253699e-01
nan
1.259474169030055535e+01
5.127557609000631622e+00
5.816187291833927717e-06
8.421653890772624072e-07
-8.263653359654629660e-02
1.048048794291506257e-03
9.949112484470428175e-01
9.439993261363324173e-01
7.543293698120546575e-05
