4.657843465686839490e-02
2.230902962242820031e-02
3.000000000000000000e+00
0.000000000000000000e+00
1.000000000000000056e-01
2.065353532000884229e-01
8.367557093093339615e-01
0.000000000000000000e+00
8.994275773385468353e-02
3.723494384613995623e-02
2.584962500721156076e+00
3.493654510987571071e-01
1.921693940109149290e-01
3.606625052468075965e-01
2.392823848485289562e-01
9.788520008201191391e-01
3.361295314168245341e+00
4.748262242703338742e+00
1.666666666666666574e-01
0.000000000000000000e+00
nan
nan
3.727988004259351396e+00
nan
nan
1.000000000000000000e+01
1.638080442708333306e+00
2.829270218877198428e-01
5.040560703054341118e+00
2.148467818930773487e-01
-1.034720934293420047e+00
1.762212403681586714e-01
1.879317509096557259e+01
1.202297988144599650e+00
1.942894305674868483e-01
2.064338273333333529e+00
1.830420741829083264e-01
5.385250405331998280e-11
7.884388737890150878e-02
1.084057921500000340e-02
1.761022868219215276e-01
-2.100314055000000124e+00
2.005783749476510447e-01
5.444017976668141801e-01
2.148467818930773210e-01
6.000000000000000000e+01
0.000000000000000000e+00
0.000000000000000000e+00
6.000000000000000000e+00
2.672316384180791204e-01
5.000000000000000000e+00
6.000000000000000000e+02
0.000000000000000000e+00
6.000000000000000000e+01
0.000000000000000000e+00
4.510635734226700500e+00
nan
3.013924728854493029e+00
4.164652328333332321e+00
3.500795275737892953e-01
1.153848638162736151e+01
9.818749577638860027e-01
1.225722953861253239e-01
1.618423350455617804e+00
-1.779585087071898150e-02
1.195966640446739365e-01
0.000000000000000000e+00
0.000000000000000000e+00
4.964158780494913256e-03
1.112217758030513010e-01
9.788520008201191391e-01
2.454321271692965212e-01
2.504500271851769176e-03
