4.462108376375070046e-02
1.717219452087246495e-02
3.169925001442313039e+00
4.442373136426910410e-16
1.666666666666666741e+00
4.257050339003425887e-01
5.876243819229829413e-01
0.000000000000000000e+00
4.536325857225680797e-02
8.537511059993441870e-03
2.584962500721156076e+00
4.947316449268476246e-01
9.399788299431856287e-02
1.571597996473952321e+02
1.234477671068755598e+02
3.868106404779125569e+02
7.782792874159272287e+03
9.223769381537437084e+00
1.666666666666666574e-01
0.000000000000000000e+00
1.055221229622102896e+01
4.502613085639385559e+00
2.675367548599880934e+02
6.072520924200675019e+00
2.621335237175670851e+00
5.999999999999999778e-01
1.548912233673333461e+01
6.871104600768195070e+00
5.474637379486366306e+00
5.334764141463359949e-02
9.528654251998048608e+00
4.611002803780275272e+00
4.555713076551914128e+03
9.697102549003801641e+00
4.154305000563546457e+00
1.427912420860000111e+02
9.268550169095522051e+01
1.658817824731461243e+01
7.439723452297336337e+00
1.094155917263333144e+01
4.626473098684662055e+00
2.533140807841333109e-01
1.712525621617678739e-01
2.802501226771011433e-01
5.334764141463359949e-02
1.500000000000000000e+03
0.000000000000000000e+00
0.000000000000000000e+00
6.000000000000000000e+00
5.545892817433845101e-01
5.000000000000000000e+00
9.000000000000000000e+02
0.000000000000000000e+00
1.500000000000000000e+03
1.500000000000000000e+03
1.031105660601133778e+01
nan
2.287333536361929820e+00
1.425379280052158606e+02
9.259677713141856259e+01
2.861502194986395807e+03
1.741648606772092123e+01
9.139602932219469622e+00
nan
2.524828020585530908e+00
4.246168140118788958e-01
6.599018478488686094e-09
9.014955258477701426e-08
1.204187013611123547e+01
5.107905906699747867e+00
3.868106404779126706e+02
8.148953990729057750e+02
1.497157238987674861e-07
