1.937493507810277710e-02
6.928572494786964034e-03
2.321928094887362626e+00
0.000000000000000000e+00
2.500000000000000000e+00
9.932477216531598874e-01
nan
0.000000000000000000e+00
5.235974738196302707e-03
3.761029549849969310e-03
1.000000000000000000e+00
5.698215363164629843e-02
4.293152569524852358e-02
5.681983409263576673e-02
4.295351093037439588e-02
9.981568539771191739e-01
1.594117859024231976e+00
6.546677068105213948e+01
5.000000000000000000e-01
0.000000000000000000e+00
nan
nan
3.141883772381684814e+00
nan
nan
4.000000000000000222e-01
1.716418603569999979e+00
1.284488263845932898e-01
3.306653170072880510e+00
1.109136758782790048e-02
-1.205748206709948533e+00
8.864162313754671285e-02
7.329992696993609513e+01
1.273050407478140356e+00
9.483594467072888057e-02
1.749313466999999900e+00
4.622705427785493704e-02
1.258369340950693438e-10
6.959610247073669265e-02
2.586628361629999054e-03
1.181319627258961835e-01
-1.755674479000000288e+00
4.663301769223591325e-02
1.527492481448190775e-02
1.109136758782790048e-02
5.000000000000000000e+02
0.000000000000000000e+00
0.000000000000000000e+00
2.000000000000000000e+00
0.000000000000000000e+00
1.000000000000000000e+00
2.000000000000000000e+02
0.000000000000000000e+00
5.000000000000000000e+02
0.000000000000000000e+00
1.510091341258832358e+02
nan
9.865410365691930084e-01
3.504987946000000409e+00
6.601602483708257640e-02
7.329992696993609513e+01
9.985185866481985917e-01
3.346230037363795429e-02
nan
-3.112494746535736379e-03
9.771961167729953379e-02
0.000000000000000000e+00
0.000000000000000000e+00
9.175724313948921016e-04
9.217272691693517706e-02
9.981568539771191739e-01
6.686044784320969991e-02
1.345896343080699338e-02
