3.451354504680505253e-02
1.945126706834019240e-02
3.169918978350392713e+00
4.475452091311809617e-16
6.632653061224490221e-02
8.883687797944587183e-01
nan
0.000000000000000000e+00
2.310076739553704184e-02
1.160399265765363515e-02
9.605952137136529734e-01
2.010884615558861388e-01
1.711043475143516346e-01
1.368261624761761275e-01
1.731567088866853565e-01
6.565105312816074123e-01
1.835795884696469260e+00
6.725128533629531447e+00
5.000000000000000000e-01
1.645105572556457285e-01
nan
nan
4.785842566342720872e+00
nan
nan
1.507692307692307665e+01
9.571191929073076254e-01
5.232351910879421419e-01
3.987677485091068341e+00
7.676450661294112465e-02
1.856114453735371983e+00
3.949187994429842252e+00
3.743812514119726043e+00
6.283645771715307138e-01
3.293971102441692889e-01
2.673103499538461936e+00
1.062169440466986803e+00
1.277660381339738482e-11
5.778510773645714194e-01
-4.909996882923076816e-02
5.858236548709688796e-01
-2.472217258307692234e+00
7.729438571506581646e-01
1.428367069729777616e-01
7.676450661294112465e-02
6.500000000000000000e+01
0.000000000000000000e+00
0.000000000000000000e+00
2.000000000000000000e+00
6.923076923076923461e-02
1.000000000000000000e+00
9.800000000000000000e+02
0.000000000000000000e+00
6.500000000000000000e+01
5.300000000000000000e+01
2.119260752735000253e+01
nan
7.891990889134954390e-01
5.145320757846154613e+00
1.384705685229694172e+00
3.743812514119726043e+00
7.572939057275761554e-01
2.903680492042657324e-01
1.212910858795317903e+00
6.840184262424625627e-02
7.462730885572754769e-01
0.000000000000000000e+00
0.000000000000000000e+00
-3.108643252671105389e-02
5.761562795788460756e-01
6.565105312816073013e-01
4.530801359838180775e-01
2.108009110865045332e-01
