5.560915909800956403e-02
5.196123543907874703e-02
3.321913667884178523e+00
2.015156610027968325e-06
1.137777777777777832e-01
-2.642031401152565295e-01
9.145816212268003120e-01
0.000000000000000000e+00
1.433977616274258460e-01
2.509038720354801744e-02
3.906890595608518701e+00
2.725988170444098024e-01
2.049072125130606825e-01
7.115025316666891142e-02
6.729403580968315590e-02
2.702786942272393245e-01
1.115487088883753808e+00
4.677002459803882850e+00
6.666666666666666574e-02
0.000000000000000000e+00
nan
nan
8.609293529653848864e+00
nan
nan
8.789062500000000000e+00
5.409822519656251050e-01
1.271577713057743531e-01
6.393463544905104712e+00
1.135966828480348412e-01
2.145333648328837661e+00
1.634015023894165752e+00
7.831767515716002492e+01
3.823273542186655938e-01
8.858513487233476980e-02
1.885083735078124878e+00
6.592817620393626177e-01
4.841043147948975722e-11
8.531326196142690055e-01
2.308527489062500021e-02
9.105083892268936996e-01
-2.087224294296874838e+00
7.767165301384073572e-01
8.353407185875936225e-01
1.135969433068908518e-01
1.280000000000000000e+02
0.000000000000000000e+00
0.000000000000000000e+00
1.500000000000000000e+01
1.237696850393700809e-01
1.400000000000000000e+01
1.125000000000000000e+03
0.000000000000000000e+00
1.280000000000000000e+02
1.280000000000000000e+02
2.976717037690823187e+00
nan
1.185122023397061497e+01
3.972308029374999716e+00
1.002196514021603813e+00
6.168774807506782309e+00
5.053300536297380408e-01
1.226283542279449912e-01
nan
-2.866881162881370626e-01
9.506518917549391379e-01
2.534346694961604957e-06
4.365376271172529028e-07
1.889337151066915882e-02
9.012259586463285954e-01
2.702786942272393800e-01
1.294391757856692415e-01
3.691425037787107319e-12
