1.459452580571636571e-01
1.027614941983154007e-01
3.321915515300960298e+00
3.965602885202557397e-05
3.901960784313725505e-01
8.868246130946035866e-01
1.061343552830677356e-01
0.000000000000000000e+00
1.871150350556513853e-01
4.306658513010357819e-02
2.583360450834277344e+00
3.562043277986510770e-01
2.411298147123183133e-01
2.647832335828007033e-01
2.079795260721460370e-01
7.402856097157014537e-01
6.722898411355076931e+00
2.262658794968358755e+00
1.666666666666666574e-01
8.636359037468729211e-03
nan
nan
1.826574913412115864e+00
nan
nan
2.562814070351759010e+00
1.151817386639886864e+00
4.283714501588636314e-01
4.763539325781382061e+00
2.192114248772182583e-01
-1.894200165010822001e-01
8.658309936776008575e-01
4.199276804384473394e+01
7.999106289710775641e-01
3.598747430955371307e-01
2.016103236934673415e+00
3.139458150659611424e-01
-2.080258466881403185e-11
5.085049551951085212e-01
1.863843296405774327e-02
6.555445006943604325e-01
-1.924678533668341407e+00
3.215769442351564256e-01
1.141736640353855359e+00
2.192143291427572083e-01
3.980000000000000000e+02
0.000000000000000000e+00
0.000000000000000000e+00
6.000000000000000000e+00
2.283077857802868205e-01
5.000000000000000000e+00
1.020000000000000000e+03
0.000000000000000000e+00
3.980000000000000000e+02
2.130000000000000000e+02
1.909528693299540558e+00
nan
3.977347477437376266e+00
3.940781770603015044e+00
3.710082103760414807e-01
1.721534282488755352e+01
8.475907894395998676e-01
1.480897204255288702e-01
nan
3.324155752108376438e-02
6.887967948147079023e-01
1.963715556211896425e-05
1.000695200146062242e-07
-9.993692258902021550e-03
6.021246654632220752e-01
7.402856097157020088e-01
2.793825845597135427e-01
6.381447247830137920e-05
