6.364555581008311813e-02
7.211861422255165521e-02
3.321927997047210201e+00
9.861900688962755786e-07
4.266666666666666941e-01
4.087163872621814298e-02
8.093506123424951681e-01
0.000000000000000000e+00
2.477517101139810052e-01
2.914745586028208088e-02
5.906890595608516925e+00
3.450651709486993735e-01
2.279849987594385063e-01
2.968483132361330878e-01
2.152673549552650833e-01
8.604694436758606457e-01
8.299650471667737506e+00
4.562051091472842046e+00
1.666666666666666644e-02
0.000000000000000000e+00
nan
nan
1.166738764611612211e+01
nan
nan
2.343750000000000000e+00
1.352944695201313552e+00
3.003518387313821036e-01
7.934030244789703090e+00
1.060833797334728296e-01
-3.997897503212536341e-01
4.331750841079095582e-01
1.074862955685013475e+02
9.507687213996878217e-01
2.104419481454166407e-01
2.424145406250000079e+00
2.093604852166882357e-01
-3.802608922187644680e-11
3.722433667135343072e-01
1.982589727229492130e-02
5.084825126393028860e-01
-2.512041951757812530e+00
3.637689647044925478e-01
1.294788347866024925e+00
1.060834468416089194e-01
5.120000000000000000e+02
0.000000000000000000e+00
0.000000000000000000e+00
6.000000000000000000e+01
1.986530699608610451e-01
5.900000000000000000e+01
1.200000000000000000e+03
0.000000000000000000e+00
5.120000000000000000e+02
2.770000000000000000e+02
1.565614683297210652e+00
nan
3.809136695482979462e+01
4.936187358007813053e+00
4.467381378743338627e-01
1.822120065992470117e+00
9.209847875466329326e-01
1.108171919763500102e-01
nan
-1.151186066660433993e-01
4.765345293060446186e-01
1.397820443163189922e-06
6.150742075333307506e-08
1.478149307172472310e-02
4.544925065209433623e-01
8.604694436758602016e-01
2.034558168185315041e-01
2.623861686260504767e-27
