2.818159928178770937e-02
2.632846660818757151e-02
2.999971911913235978e+00
4.472956717774455962e-16
1.127214170692431572e-01
9.173511895499046886e-01
nan
0.000000000000000000e+00
2.302408227426598272e-02
1.548628257253625677e-02
9.888811188207051739e-01
1.861672423705847124e-01
1.574650465956121959e-01
5.209641117957466289e-02
5.622321300053165216e-02
3.067437599128275960e-01
6.714988817124106779e-01
7.455954648465354495e+00
5.000000000000000000e-01
8.767668623408081396e-02
nan
nan
3.137176499994198231e+00
nan
nan
8.871428571428571885e+00
6.878047562799999293e-01
2.422935733577245565e-01
3.856223318585109361e+00
9.487718854904872434e-02
3.023613574382493785e-01
5.970698020484588309e-01
5.310470277397924654e+00
4.980309314000519461e-01
1.726567350947943447e-01
1.608714383542857007e+00
8.213228071618682291e-01
-1.125070750848270285e-11
8.302480284965587654e-01
2.680361965714282008e-03
8.661363549767220338e-01
-1.690105710142856710e+00
8.928931017313639362e-01
1.326297121488319020e-01
9.487718854904872434e-02
7.000000000000000000e+01
0.000000000000000000e+00
0.000000000000000000e+00
2.000000000000000000e+00
4.306418219461697477e-02
1.000000000000000000e+00
6.210000000000000000e+02
1.400000000000000000e+01
7.000000000000000000e+01
6.500000000000000000e+01
2.161915420993135939e+01
nan
8.415332049686251592e-01
3.298820093685714383e+00
9.952668912146447333e-01
5.310470277397924654e+00
5.272515668329373906e-01
1.707811619007953974e-01
nan
5.313211733260004774e-03
4.560774187288823001e-01
1.078106624547081209e-06
1.502489953172600424e-06
4.328298050721081369e-03
8.571834839527152639e-01
3.067437599128277625e-01
1.993649194738502106e-01
1.584667950313748130e-01
