9.908346690894430375e-02
8.009806943710426341e-02
3.169914510609875613e+00
8.783481370175446385e-07
2.390640895218718309e-01
9.360143875684363568e-01
nan
0.000000000000000000e+00
2.664585324113661474e-02
1.030560308961133223e-02
9.402243233549959500e-01
5.357718863731205650e-01
2.904302196340176612e-01
1.553284674951393822e-02
1.615275748838599854e-02
3.245606361855776778e-02
3.452750055423400299e-01
5.201721287985377806e+00
5.000000000000000000e-01
2.021332711225023726e-01
nan
nan
1.234402833421879064e+00
nan
nan
4.182978723404255028e+00
1.621357596704042503e-01
8.473183612324029779e-02
3.929386296237279197e+00
7.114052423976904849e-02
3.171804955245366653e+00
1.923217438648421318e+00
7.072519233396361571e+00
1.133177545974192596e-01
5.896724377912590520e-02
5.962982130771489198e-01
1.107095677846076986e+00
1.831361917906411162e-11
9.835844619111320242e-01
-7.740933812340366170e-03
9.879348153170854907e-01
-5.237806594051064302e-01
9.036613962195860772e-01
1.807525377275921163e-01
7.114047567877208877e-02
2.350000000000000000e+02
0.000000000000000000e+00
0.000000000000000000e+00
2.000000000000000000e+00
5.703946172031278961e-01
1.000000000000000000e+00
9.830000000000000000e+02
0.000000000000000000e+00
2.350000000000000000e+02
2.350000000000000000e+02
1.653731676723221966e+01
nan
8.761229337351149615e-01
1.120078872482255239e+00
4.924701338990068455e-01
7.072519233396361571e+00
1.617388930340076802e-01
7.952045410132467518e-02
nan
2.306660752784290003e-01
1.301663020217739275e+00
1.063526333190097256e-06
1.642528982324075591e-07
-6.361330763967425889e-03
9.865419988664413387e-01
3.245606361855778166e-02
3.470658942381869144e-02
1.238770662648850523e-01
