8.176186183602639213e-02
5.969680320962387349e-02
4.321927544204851479e+00
6.625653153322790164e-08
1.108705067128627070e-01
7.341618173627180166e-01
3.576564954180215805e-01
0.000000000000000000e+00
3.729159690275506145e-02
1.046876558535000598e-02
1.374339005208754516e+00
4.692872111964804804e-01
2.641670108763089497e-01
1.899603277654541289e-01
1.436274779681919744e-01
4.259251655851402085e-01
7.624437707373624917e+00
2.441681600813223163e+00
3.333333333333333148e-01
2.214288332705097173e-01
nan
nan
1.203084926341201566e+01
nan
nan
9.019531250000000000e+00
8.834701815963676985e-01
2.747978579805291366e-01
5.133400774960859003e+00
1.668838306627314638e-01
1.532204814915643087e+00
2.973182195495119196e+00
3.820233950186307936e+01
5.329728111558710291e-01
2.247255866690021919e-01
3.168900368066406070e+00
8.034760373081266671e-01
-5.593303598061538651e-13
7.574329317725247979e-01
5.170591273988767167e-02
7.768319585277473349e-01
-1.804628751079101479e+00
7.476491522479040697e-01
5.628657744527456597e-01
1.668838329796673015e-01
1.024000000000000000e+03
0.000000000000000000e+00
0.000000000000000000e+00
3.000000000000000000e+00
4.754742485337243307e-01
2.000000000000000000e+00
9.236000000000000000e+03
0.000000000000000000e+00
1.024000000000000000e+03
8.830000000000000000e+02
6.678433723220971174e+00
nan
1.205905316861359156e+00
4.973529119145507771e+00
8.927516266671735590e-01
3.790091424645719798e+01
6.305447357120638197e-01
1.684226921209764638e-01
nan
2.305590141903021972e-01
7.870230626366135906e-01
1.376977656943857396e-07
1.086184228817063691e-07
8.166459442863510665e-03
7.686587047216207891e-01
4.259251655851403195e-01
2.391264230831863236e-01
1.975244955836065811e-02
