2.381107031906874172e-01
1.274268597100083611e-01
2.321928094887362182e+00
4.448988535666361858e-16
1.375000000000000000e+00
6.646874571511388607e-01
5.807764637430309351e-01
0.000000000000000000e+00
2.043617477456295684e-01
7.499310347605044058e-02
2.000000000000000000e+00
5.519581248570334386e-01
2.893661441440399384e-01
3.570014577132793465e-01
4.151446649401925870e-01
7.856114018272829513e-01
9.101194795364417445e+00
2.781552238552488010e+00
2.500000000000000000e-01
0.000000000000000000e+00
nan
nan
3.215820719340800160e+00
nan
nan
7.272727272727272929e-01
1.365459035457272652e+00
9.314123767710877910e-01
3.602905107549618346e+00
2.437271863433078944e-01
-3.541124381075329008e-01
1.407560278085615346e+00
2.037917703059292166e+06
8.266164252484220487e-01
5.947513373992252550e-01
1.660325163418181704e+00
1.183468760349091653e+00
9.457538267683545155e-11
4.641807792741293182e-01
1.606870731189090629e-01
4.227096794629522925e-01
-1.340943130385454651e+00
1.007317292777358819e+00
7.190229873377442793e-01
2.437271863433078944e-01
2.750000000000000000e+02
0.000000000000000000e+00
0.000000000000000000e+00
4.000000000000000000e+00
5.626277372262773468e-01
3.000000000000000000e+00
2.000000000000000000e+02
2.500000000000000000e+01
2.750000000000000000e+02
9.000000000000000000e+01
2.229282145045928143e+00
nan
2.000030848757861079e+00
3.001268293803636578e+00
1.852426740566274876e+00
1.775973878861848498e+06
7.597212692585960658e-01
4.573791715015849690e-01
nan
-1.996733666374607419e-01
5.108923643898151123e-01
0.000000000000000000e+00
0.000000000000000000e+00
5.117366251396956306e-02
4.546369238870511253e-01
7.856114018272830624e-01
6.239735140020912230e-01
2.149503021153372467e-12
