2.884766568182410215e-02
5.393553035140823126e-02
4.087461976382370743e+00
8.916683287028470787e-16
2.560000000000000123e-02
5.843184116718941334e-01
3.892077596514190718e-01
0.000000000000000000e+00
3.240222780438689436e-03
4.223146141853092311e-03
1.999359186133105704e+00
1.104404153407044092e-01
1.779303560202484813e-01
1.135523803998965964e-01
1.994234484634190563e-01
9.921517497481785464e-01
2.622992948615114450e+00
4.673024714789900713e+01
2.499999999999999722e-01
8.614716091278531301e-03
nan
nan
3.799910834451762476e+00
nan
nan
3.906250000000000000e+01
1.406750269296874967e+00
9.899578006988568601e-01
6.044036043493844268e+00
6.243431434867287300e-02
-2.300368692355246325e-01
1.349090171496043489e+00
5.133712033298057698e+00
1.047497643706688075e+00
7.424913914769860623e-01
1.903630053906250286e+00
7.602055704193420860e-02
-4.254487818359901918e-11
1.536308585195450896e-02
-5.566060005390623556e-04
9.279052217985511025e-03
-1.903235060156249991e+00
7.523332784581340804e-02
4.278511902163130431e-02
6.243431434867287994e-02
1.280000000000000000e+02
0.000000000000000000e+00
0.000000000000000000e+00
4.000000000000000000e+00
5.081200787401574798e-02
3.000000000000000000e+00
5.000000000000000000e+03
1.000000000000000000e+00
1.280000000000000000e+02
7.300000000000000000e+01
9.453466415077241436e+01
nan
1.327249379002048757e+00
3.806865114062500055e+00
1.488184915653969487e-01
4.106979101511372576e+00
9.729675293140778169e-01
2.141123388086811630e-01
1.043810029888820434e+00
6.395862362161714235e-03
3.664512597386559295e-02
1.406837688805714317e-08
2.045433108093457583e-08
3.574518415918737221e-04
1.937686501047053769e-02
9.921517497481788794e-01
3.738246608283257721e-01
9.554868471333798075e-02
