6.629516833799356523e-02
5.819825727756789552e-02
2.321824007504591947e+00
8.894759783462347036e-16
2.066265060240963791e+00
9.999870753501062248e-01
nan
0.000000000000000000e+00
9.568503753519941660e-03
5.838157596664064579e-03
8.160172973428257981e-01
2.400389917373891846e-01
1.905190931129928933e-01
2.342471131805249351e-01
1.924576700140069596e-01
9.826099365731784108e-01
5.617967146490425279e+00
2.935249444647818962e+01
5.000000000000000000e-01
3.492937111885355272e-01
nan
nan
3.308390118687672299e+00
nan
nan
4.839650145772594891e-01
1.200221831841713049e+00
2.069685102518147579e-01
3.110040693256099775e+00
1.692533627227864323e-02
9.768342821674833587e-01
7.990955505267527403e-01
3.868501743902017188e+04
8.256370648305392246e-01
1.548088064619927984e-01
3.268025296209912334e+00
4.305268789887078396e-01
7.008358519372877574e-11
1.430160119892422699e-01
-2.353793023575802001e-01
1.497458048061622027e-01
-1.961719255393586048e+00
3.865962064043965141e-01
2.780061159131687679e-02
1.692533627227864323e-02
3.430000000000000000e+02
0.000000000000000000e+00
0.000000000000000000e+00
2.000000000000000000e+00
7.029478458049887024e-02
1.000000000000000000e+00
1.660000000000000000e+02
0.000000000000000000e+00
3.430000000000000000e+02
3.360000000000000000e+02
8.251701184263804123e+01
nan
9.999741508672590484e-01
5.229744551603499048e+00
6.430431374862450866e-01
3.868501743902017188e+04
9.867512080645345351e-01
9.464727616818892353e-02
nan
1.037203459488494017e+00
2.317519292600713210e-01
1.070873056030762411e-07
1.983284654383994078e-06
-1.720595967148565719e-01
1.308869766339032792e-01
9.826099365731787438e-01
1.899222135827178248e-01
2.584913274095159848e-05
