6.861648886313331808e-02
6.173465965914005232e-02
3.321919561785851016e+00
4.468220923203828297e-16
7.056798623063682829e-02
9.568456638753747301e-01
nan
0.000000000000000000e+00
1.315899178421187608e-02
9.449331416164755484e-03
1.000000000000000000e+00
4.830696308798558825e-01
2.585537012531083367e-01
4.940602948064018451e-02
8.381277089613310693e-02
1.473289820288367358e-01
9.181018627353710881e-01
1.070801794469599777e+01
5.000000000000000000e-01
0.000000000000000000e+00
nan
nan
1.220843290564176842e+00
nan
nan
1.417073170731707243e+01
4.469480645807925590e-01
4.249659092011721651e-01
4.228531597256400154e+00
7.119335255909607640e-02
3.283800371540352980e-01
1.598349021330920605e+00
1.084183446368163750e+01
2.975207028405047471e-01
2.459063327571213431e-01
8.017393954878049289e-01
6.429340165725729861e-01
4.410072578123135635e-11
9.224860412761637374e-01
7.595685382926827857e-03
9.460810871173943593e-01
-9.672995720001219544e-01
1.192621981333956693e+00
9.338796452945150040e-02
7.119335255909607640e-02
8.200000000000000000e+01
0.000000000000000000e+00
0.000000000000000000e+00
2.000000000000000000e+00
4.832881662149954849e-01
1.000000000000000000e+00
1.162000000000000000e+03
1.000000000000000000e+00
8.200000000000000000e+01
6.700000000000000000e+01
3.457117427843955682e+01
nan
9.155536244771066423e-01
1.769038967487926772e+00
7.836596946920196816e-01
1.084183446368163750e+01
3.095696733798919409e-01
2.283229018133214883e-01
nan
-1.039992100554898713e-01
5.552159192244993102e-01
0.000000000000000000e+00
0.000000000000000000e+00
4.253965461532296065e-03
9.345453089398276791e-01
1.473289820288366803e-01
2.586706381034433733e-01
8.444637552289334381e-02
