5.083882217980149193e-02
5.771529870165742482e-02
2.584844877723669221e+00
8.940801506896973517e-05
1.033582089552238736e+00
9.691838215586068284e-01
nan
0.000000000000000000e+00
7.098097548694180629e-03
4.081541720826654604e-03
9.985532860835362179e-01
2.189043108160396434e-01
1.778500848962332737e-01
2.166112461936492151e-01
1.797440795143050996e-01
9.949190583632275819e-01
4.686770832453155400e+00
3.832899696704735959e+01
5.000000000000000000e-01
3.166149766506926727e-02
nan
nan
2.130440705324274653e+00
nan
nan
9.675090252707581051e-01
1.259168194061371704e+00
1.365106904034947000e-01
3.557346000560094090e+00
1.516259479321475749e-02
6.583193368104131027e-01
5.492172236926268214e-01
1.547915583746421220e+01
8.460620729574747090e-01
1.008981621161016695e-01
3.319438153429603133e+00
3.348554263956883825e-01
6.382121465885607745e-12
7.212487625696349658e-02
-2.425586288610108165e-01
6.580403858220171265e-02
-2.254028399999999710e+00
5.460361583335650026e-01
2.605216324711089396e-02
1.515965190994993279e-02
2.770000000000000000e+02
0.000000000000000000e+00
0.000000000000000000e+00
2.000000000000000000e+00
5.692460628891330560e-02
1.000000000000000000e+00
2.680000000000000000e+02
0.000000000000000000e+00
2.770000000000000000e+02
2.670000000000000000e+02
9.821805161459367639e+01
nan
9.393172799709454956e-01
5.573466553429602399e+00
6.989280939326268927e-01
1.547915583746421220e+01
9.949574254280960650e-01
7.068818151931519078e-02
nan
8.851351632282069559e-01
1.479726555275129585e-01
2.377979906069794072e-04
5.430822654822349190e-20
-1.584806769375633195e-01
5.898396622242921966e-02
9.949190583632278040e-01
1.407037392870642833e-01
6.068272002905450435e-02
