5.982135094498085975e-02
9.021518011707332918e-02
3.999998991855510333e+00
0.000000000000000000e+00
7.034390352836088212e-02
4.634760064729097628e-01
2.753811513137527922e-01
0.000000000000000000e+00
4.903287434315586890e-02
8.423537588863371298e-03
2.999999568195658828e+00
4.446276322105609524e-01
2.415471398049728324e-01
4.370371120269532228e-01
2.397153013661486864e-01
9.811417579684773571e-01
8.847062640214405249e+00
5.737401297039757431e+00
1.250000000000000000e-01
1.033742853698645288e-04
nan
nan
1.625152835856000522e+01
nan
nan
1.421587301587301511e+01
1.635297278634920470e+00
1.322801892390644829e-01
6.477113823063445963e+00
8.744271129287699285e-02
-7.956014578030790041e-01
2.208477901018786327e-01
4.312348400665250381e+00
1.201452093701391277e+00
8.749527403148869842e-02
3.386493590476190807e+00
6.363808001104341860e-01
-2.232352715379550114e-11
1.263067188142779074e-01
-6.189342688095238361e-03
1.304815344783191999e-01
-2.705333808253968186e+00
3.551438115897346259e-01
5.228847369877237528e-01
8.744271129287699285e-02
3.150000000000000000e+02
0.000000000000000000e+00
0.000000000000000000e+00
8.000000000000000000e+00
3.539985845718329749e-01
7.000000000000000000e+00
4.478000000000000000e+03
0.000000000000000000e+00
3.150000000000000000e+02
1.870000000000000000e+02
6.649867569091851394e+00
nan
1.958678731025865316e+00
6.091827398730159437e+00
7.664749657858204168e-01
1.861418369936657546e+00
9.899656365635272071e-01
3.336661168386382409e-02
nan
9.438027175257297785e-02
8.974325305857867863e-02
9.819968096711643738e-09
2.026372648767283422e-08
-1.341709347108713431e-02
1.174881249174850040e-01
9.811417579684776902e-01
6.671974679711543954e-02
6.136020904580660740e-02
