4.508411805208864531e-02
8.910583680784969762e-02
3.999998991855510333e+00
0.000000000000000000e+00
7.034390352836088212e-02
4.931752284163158362e-01
2.813847607558638830e-01
0.000000000000000000e+00
3.978592671028824412e-02
1.211763443002976566e-02
2.999999568195658828e+00
3.546310779601643537e-01
2.523044318123973118e-01
3.456582778702979586e-01
2.547018134272183154e-01
9.799912683658649204e-01
7.622054190959419273e+00
6.733803342208539711e+00
1.250000000000000000e-01
1.033742853698645288e-04
nan
nan
1.432721635110089409e+01
nan
nan
1.421587301587301511e+01
1.564677184103174579e+00
2.070810645038061171e-01
6.554485168029280828e+00
1.251526353069499220e-01
-6.531194266418345329e-01
2.896261328709458516e-01
4.812565278214656850e+00
1.155307285055654498e+00
1.490468133354349300e-01
3.311933027301587895e+00
5.603676154708975288e-01
-2.409259740563667149e-11
1.307948127274408401e-01
-1.891045005141269233e-02
1.519713504731786680e-01
-3.385351086666667175e+00
6.684990683340698014e-01
4.455133920218888877e-01
1.251526353069499220e-01
3.150000000000000000e+02
0.000000000000000000e+00
0.000000000000000000e+00
8.000000000000000000e+00
2.400161763219088029e-01
7.000000000000000000e+00
4.478000000000000000e+03
0.000000000000000000e+00
3.150000000000000000e+02
2.180000000000000000e+02
7.978403485700342301e+00
nan
2.177616942978205739e+00
6.697284113968254182e+00
9.993247140097565318e-01
1.820577936178625178e+00
9.866350387357166740e-01
8.101484376891920913e-02
nan
2.293374491545016602e-02
1.084248000987667049e-01
1.425476043736720818e-08
2.292323869877193575e-08
-8.389032265889898032e-03
1.462928097466508759e-01
9.799912683658653645e-01
1.582269397691502821e-01
4.458714070657848055e-02
