8.510722546407327449e-02
1.446291831989160448e-01
2.321801804656279611e+00
2.701256402942783926e-04
8.333333333333333703e-01
9.596124377697018426e-01
5.338069756156516021e-02
0.000000000000000000e+00
6.337209240616732686e-02
5.015473764850687799e-02
1.584962500721156076e+00
2.161835411833610832e-01
3.110116867838587096e-01
1.174535770257645884e-01
2.659665586530809978e-01
3.511033926464351973e-01
3.583204934767306948e+00
7.750569843344031540e+00
3.333333333333333148e-01
0.000000000000000000e+00
nan
nan
7.203520626372228897e+00
nan
nan
1.199999999999999956e+00
6.339710919709365955e-01
8.321781435872290800e-01
3.702268051197844745e+00
1.577199763891593831e-01
3.794206635392849858e+00
1.008664927964336577e+01
1.941812198978551578e+02
2.198326314090076061e-01
3.060891641055165091e-01
9.176607054933335617e-01
5.835088725534465226e-01
1.191401309036185518e-01
1.234690515187996940e-01
2.644623134233333173e-01
3.796365820502459743e-01
-8.645149122253331653e-01
6.077640692204528960e-01
2.044962541795912747e-01
1.576370651033001113e-01
1.500000000000000000e+02
0.000000000000000000e+00
0.000000000000000000e+00
3.000000000000000000e+00
1.801342281879194651e-01
2.000000000000000000e+00
1.800000000000000000e+02
1.000000000000000000e+00
1.500000000000000000e+02
6.800000000000000000e+01
1.035376202351972097e+01
nan
1.844561560316779092e+00
1.782175617718666727e+00
1.178768233174128044e+00
1.885217454773063821e+02
4.478588486456021589e-01
3.892763605747030509e-01
nan
-6.132624845153630821e-02
1.447144288852741489e+00
6.904172851759879945e-04
6.945683298592959191e-04
1.730720405992590138e-01
2.059737479171067642e-01
3.511033926464354749e-01
4.003425396246541035e-01
7.923206908599729655e-04
