2.673718942528983955e-02
7.157299197031265214e-02
3.999998991855510777e+00
4.443243643329705687e-16
2.110317105850826325e-01
6.400997651539712674e-01
1.955186164172197649e-01
0.000000000000000000e+00
4.308078344011396360e-02
1.124040435738037948e-02
2.999999568195658828e+00
2.258253545849888411e-01
2.056988797970129568e-01
2.218816706054941024e-01
2.056794948591743333e-01
9.782545327261088497e-01
9.301511849924306574e+00
6.392644054201126913e+00
1.250000000000000000e-01
1.033742853698645288e-04
nan
nan
2.911920431545958721e+01
nan
nan
4.738624338624338961e+00
1.575720763817460179e+00
2.141935465987891418e-01
6.530709242085137589e+00
1.169228810437415861e-01
-6.957312150536925088e-01
3.723784801628327590e-01
9.377704147927680367e+00
1.154490048717629058e+00
1.473237192333456680e-01
3.353279825714285955e+00
5.532185847586228444e-01
3.888636855201241896e-12
1.446646814079227128e-01
-2.237154035502645841e-02
2.236424501876563276e-01
-3.035150680317460381e+00
5.676844522600452692e-01
4.692893179660322933e-01
1.169228810437415861e-01
9.450000000000000000e+02
0.000000000000000000e+00
0.000000000000000000e+00
8.000000000000000000e+00
9.527396646040713069e-02
7.000000000000000000e+00
4.478000000000000000e+03
0.000000000000000000e+00
9.450000000000000000e+02
6.350000000000000000e+02
7.523524484196836504e+00
nan
3.097459141645408032e+00
6.388430506031746781e+00
8.466356587503597320e-01
4.343450296389329779e+00
9.867270243873350610e-01
6.803830322320016111e-02
nan
7.707543985083858962e-02
1.367259890109040199e-01
4.170840196417507344e-09
1.400615495331877476e-08
-1.274424495489826989e-02
1.636885112339274140e-01
9.782545327261095158e-01
1.309050606284542506e-01
7.484126965905592288e-03
