5.200753352619497116e-02
1.057423034298186071e-01
3.999998991855510333e+00
0.000000000000000000e+00
7.034390352836088212e-02
-1.188914860231586601e-01
6.866431751455890353e-01
0.000000000000000000e+00
4.164207176268983068e-02
1.078538741471943112e-02
2.999999568195658828e+00
3.631470900884510300e-01
2.403798428736381443e-01
3.528911153047074034e-01
2.440484475176401546e-01
9.671704374314915587e-01
7.616559885202859981e+00
6.609682860034357788e+00
1.250000000000000000e-01
1.033742853698645288e-04
nan
nan
1.951093050437794929e+01
nan
nan
1.421587301587301511e+01
1.523905952119047669e+00
2.826937205908699458e-01
6.546119057551095466e+00
1.206739220089465131e-01
-5.552596054049800944e-01
5.512578998561323829e-01
7.031953292128007682e+00
1.113882806192379338e+00
2.046418174845735516e-01
3.388395698412698831e+00
4.497380011707801661e-01
-2.229592814644820427e-04
1.731069687162515858e-01
-2.549274883782540885e-02
2.388712039742339199e-01
-3.031095794603174465e+00
4.077332506120110445e-01
4.538795025000737504e-01
1.206739220089465131e-01
3.150000000000000000e+02
0.000000000000000000e+00
0.000000000000000000e+00
8.000000000000000000e+00
2.072793448589627108e-01
7.000000000000000000e+00
4.478000000000000000e+03
0.000000000000000000e+00
3.150000000000000000e+02
2.320000000000000000e+02
7.812909527358222306e+00
nan
2.927819397985660821e+00
6.419491493015872408e+00
6.245407120010457724e-01
2.028311856539492641e+00
9.800569011639103101e-01
8.173196819838590699e-02
nan
1.151279037120876841e-01
1.771897363638396394e-01
5.068404874580680533e-09
1.561312815198441876e-08
-1.641866342456226729e-02
2.129486139298054637e-01
9.671704374314913366e-01
1.531400884587534594e-01
1.262723711113871577e-02
