2.559667391542804760e-01
1.104838927053122810e-01
4.247926628084231382e+00
3.334523243258226294e-07
2.121719709659408010e-02
6.922615104754280546e-01
nan
0.000000000000000000e+00
1.338371791842165107e-02
5.261440716911908351e-03
4.888538759384009613e-01
5.856877646892015843e-01
3.030628451184022576e-01
4.680260005658504197e-01
2.357497307651311158e-01
8.827094267013256834e-01
6.470621359891767455e+00
3.505057267520720554e+00
5.000000000000000000e-01
5.566837305823740811e-01
nan
nan
4.632193953244246210e+00
nan
nan
4.713157894736841769e+01
1.759123499679966729e+00
2.620003735396646549e-01
4.597309494385124040e+00
4.799306984782623908e-02
6.565254618207977400e-01
5.420923701775377523e+00
9.202187472115370692e-01
7.344351027890348993e-01
4.341705337917878826e-01
3.781711430921052663e+00
3.814086894116579973e+00
-2.598085869250161785e-10
3.340192301075541881e-01
-9.572707851973694462e-03
7.204525527924637851e-01
-1.815342877631579199e+00
5.452943186368536255e-01
1.394710096375083030e-01
4.799303627964396357e-02
1.520000000000000000e+02
0.000000000000000000e+00
0.000000000000000000e+00
2.000000000000000000e+00
6.117113976995468549e-01
1.000000000000000000e+00
7.164000000000000000e+03
0.000000000000000000e+00
1.520000000000000000e+02
4.300000000000000000e+01
2.945741648479344832e+01
nan
4.792259988857212050e-01
5.597054308552631419e+00
4.089276429829122428e+00
9.202187472115370692e-01
9.231494569132606687e-01
1.752327694926884005e-01
nan
2.013801843829636784e-01
9.224813260457671582e-01
7.019118331082604410e-08
6.236522524003052753e-08
-5.474410831734164914e-03
4.633325549343293437e-01
8.827094267013254614e-01
3.556451250007198750e-01
5.207740011142787395e-01
