4.134461076988388967e-02
6.652679252748465444e-02
2.584886491065402581e+00
8.167782488381272873e-05
3.488372093023255793e+00
9.818477123268629647e-01
1.373908260602915536e-02
0.000000000000000000e+00
2.276306636123739610e-02
7.011834039106812182e-03
2.117034300799210289e+00
1.970588540608474715e-01
1.816622953434602616e-01
1.969649076567479007e-01
1.904387773966421948e-01
9.973846516919472327e-01
8.221582710097939284e+00
2.419088909033226287e+01
2.000000000000000111e-01
1.282471398764322978e-01
nan
nan
6.779005999296209950e+00
nan
nan
2.866666666666666807e-01
1.499711868630555722e+00
1.615554527899113468e-01
4.614407088135332735e+00
2.770216781320020139e-02
-4.734959699233268204e-01
3.582770070278893937e-01
1.531706391533225542e+02
1.112432808153230424e+00
1.198908187732049269e-01
2.599686938444444539e+00
5.151665893555427145e-01
4.757942385759229728e-11
7.332150045575409891e-02
1.089035237566014953e-04
1.086744770595817755e-01
-2.648881346888888988e+00
4.916259597960691563e-01
8.751370372928003738e-02
2.769836096670839562e-02
9.000000000000000000e+02
0.000000000000000000e+00
0.000000000000000000e+00
5.000000000000000000e+00
6.753429736744530343e-02
4.000000000000000000e+00
2.580000000000000000e+02
3.760000000000000000e+02
9.000000000000000000e+02
3.050000000000000000e+02
2.853693399906419970e+01
nan
3.856666007978543309e+00
5.248568285333332639e+00
7.645672067839148767e-01
6.827701409884517147e+01
9.942891616160129953e-01
9.372019099773074013e-02
nan
1.644044745516875378e-02
1.578158026508654499e-01
5.706874189364463581e-04
0.000000000000000000e+00
-5.154580174516081893e-03
8.338169321631616615e-02
9.973846516919466776e-01
1.964953834036071434e-01
7.825033937676630471e-07
