3.678754347023988069e-02
3.254466022589667940e-02
2.584886491065402581e+00
8.167782488381272873e-05
3.488372093023255793e+00
9.922842004103716862e-01
nan
0.000000000000000000e+00
4.556108342851954845e-03
2.764742072277378681e-03
9.825908176343121081e-01
1.970588540608474715e-01
1.816622953434602616e-01
1.969649076567479007e-01
1.904387773966421948e-01
9.973846516919472327e-01
8.221582710097939284e+00
5.915887414356053853e+01
5.000000000000000000e-01
1.096289583234957843e-01
nan
nan
4.228634813177594154e+00
nan
nan
2.866666666666666807e-01
1.499711868630555722e+00
1.615554527899113468e-01
3.550867952422077867e+00
1.018570876103047466e-02
-4.734959699233268204e-01
3.582770070278893937e-01
6.405306606045516560e+01
1.112432808153230424e+00
1.198908187732049269e-01
2.599686938444444539e+00
5.151665893555427145e-01
4.757942385759229728e-11
7.332150045575409891e-02
1.089035237566014953e-04
1.086744770595817755e-01
-2.648881346888888988e+00
4.916259597960691563e-01
1.660935627763746730e-02
1.018417680405900999e-02
9.000000000000000000e+02
0.000000000000000000e+00
0.000000000000000000e+00
2.000000000000000000e+00
6.753429736744530343e-02
1.000000000000000000e+00
2.580000000000000000e+02
3.760000000000000000e+02
9.000000000000000000e+02
3.050000000000000000e+02
1.546283366951220444e+02
nan
9.846279343840507181e-01
5.248568285333332639e+00
7.645672067839148767e-01
6.405306606045516560e+01
9.942891616160129953e-01
9.372019099773074013e-02
nan
1.644044745516875378e-02
1.578158026508654499e-01
5.706874189364463581e-04
0.000000000000000000e+00
-5.154580174516081893e-03
8.338169321631616615e-02
9.973846516919466776e-01
1.964953834036071434e-01
1.537206561594927842e-02
