1.617389721867177332e-01
1.228460361700967063e-01
1.999823289672156612e+00
2.225205853317468828e-16
2.108108108108107892e+00
9.999999795816999493e-01
nan
0.000000000000000000e+00
2.374488166824109334e-02
1.891586319984684544e-02
9.994730201859837182e-01
5.277823378450637870e-01
2.685642615685174261e-01
1.801741206210033248e-04
3.839799810723656037e-04
5.380341182988410522e-04
6.687415401305056399e-03
1.873880517949886482e+01
5.000000000000000000e-01
1.911099408612286846e-02
nan
nan
1.079334021342185645e-01
nan
nan
4.743589743589743390e-01
2.028268113645299853e-02
1.996129703537379008e-02
2.945959236837099482e+00
4.372766431835629214e-02
1.021118611416613087e+00
1.529214543181753205e+00
2.448783609687682614e+07
1.500104428665230416e-02
1.503036616059919353e-02
4.580656445128204052e-02
1.021353304301663378e+00
8.979862627468633588e-11
9.997322265146411091e-01
-4.641796666666828791e-05
9.996720247199245568e-01
-4.264383162008546224e-02
9.790365921251295012e-01
5.333707302104054304e-02
4.372766431835629214e-02
2.340000000000000000e+02
0.000000000000000000e+00
0.000000000000000000e+00
2.000000000000000000e+00
5.649829426653460995e-01
1.000000000000000000e+00
1.110000000000000000e+02
4.700000000000000000e+01
2.340000000000000000e+02
1.800000000000000000e+02
3.649405763010769732e+01
nan
9.999999591634003426e-01
8.845039607136750970e-02
8.355738363726404605e-02
2.448783609687682614e+07
1.699293197805796726e-02
1.582227000834801264e-02
nan
5.166734374719348516e-02
6.954829164041538281e-01
3.531821713639875049e-07
5.402648350914129820e-06
-3.404274702315391167e-04
9.994920399122683152e-01
5.380341182988412690e-04
1.620311348662996625e-03
4.083659965736791535e-08
