6.376997633669298504e-02
1.320902523305948761e-01
3.169907380092616744e+00
4.449138887587989107e-16
2.983425414364641037e-01
1.399847690749023155e-02
9.727046686559429611e-01
0.000000000000000000e+00
8.097242760030519404e-02
1.159979197734828209e-02
4.071876625482959255e+00
1.810387792978991051e-01
2.040029124847006214e-01
1.644222606486724636e-01
2.064282195869130421e-01
9.050433496720889925e-01
4.349176656615070691e+00
8.673983853827019530e+00
4.000000000000000083e-02
4.564396442528631526e-02
nan
nan
1.298281664829116622e+01
nan
nan
3.351851851851851638e+00
1.080202125968888982e+00
3.787376497684549204e-01
6.772348427402759441e+00
6.047352665856181586e-02
2.722206039234153607e+00
3.238909659227822146e+00
3.178084926753451782e+02
6.715021769834300658e-01
2.217645510926116170e-01
3.958536865888888645e+00
7.466606708356747779e-01
4.164615977178645845e-11
3.042958166730240221e-01
-2.806148106044444313e-01
2.312592024131423785e-01
-1.604119028148148107e+00
2.794289251981907363e-01
4.694355781728162258e-01
6.047352665856182280e-02
2.700000000000000000e+02
0.000000000000000000e+00
0.000000000000000000e+00
2.500000000000000000e+01
8.379457524438936600e-02
2.400000000000000000e+01
9.050000000000000000e+02
0.000000000000000000e+00
2.700000000000000000e+02
2.700000000000000000e+02
5.752592959466014122e+00
nan
2.176625354231406817e+01
5.562655894037036752e+00
5.971688078004422362e-01
1.521545260790442455e+01
9.280413731338893468e-01
2.096313904638542336e-01
nan
1.418732149059702241e+00
4.550111375122262714e-01
5.438518634540394227e-08
2.526420245916689260e-07
-2.085375251226210536e-01
2.520765523351994331e-01
9.050433496720891036e-01
3.329958113699240108e-01
1.066481389171369712e-27
