8.586255856440599965e-02
6.754988537807918303e-02
3.807352270871043221e+00
4.446113607768627177e-16
1.290909090909090895e-01
5.780472889276883075e-01
nan
0.000000000000000000e+00
4.155580259959380275e-03
1.650169224189011914e-03
9.961812375892514781e-01
4.259880878397340753e-01
2.579787230842109924e-01
3.181142707393494473e-01
2.512365402159823513e-01
7.410067724717679383e-01
8.372193209451342710e+00
2.493932344965234904e+01
5.000000000000000000e-01
5.142594772265802333e-02
nan
nan
9.241958546903513705e-01
nan
nan
7.746478873239436957e+00
1.205435466061478778e+00
3.579908868033637170e-01
4.763589311914612878e+00
1.621384280932184133e-02
-4.220413534734226979e-01
4.579288560105178596e-01
5.018141950843975074e-01
8.180945460751589682e-01
2.544243214781686802e-01
2.023676235211267382e+00
2.266057993008485649e-01
-1.249846340142710464e-12
5.074197059235723284e-01
6.064906029906115461e-04
6.552046951750186699e-01
-2.059721491784037628e+00
5.138300924130796421e-01
3.994419654568208411e-02
1.621384280932184133e-02
4.260000000000000000e+02
0.000000000000000000e+00
0.000000000000000000e+00
2.000000000000000000e+00
3.873736536868268576e-01
1.000000000000000000e+00
3.300000000000000000e+03
0.000000000000000000e+00
4.260000000000000000e+02
2.270000000000000000e+02
9.431678191390767552e+01
nan
3.341386682366503380e-01
4.083397726995305455e+00
5.715082838260514553e-01
5.018141950843975074e-01
8.405141333513932445e-01
1.860753643025974402e-01
nan
4.670084328264440497e-03
5.603766420659246350e-01
9.059153143049239633e-09
2.883766291401623133e-08
3.176550881867175411e-03
6.026987755197550367e-01
7.410067724717683824e-01
3.083700983580168198e-01
6.658613317633497175e-01
