5.532994923857867953e-01 7.106598984771573813e-01 5.482233502538070846e-01 4.314720812182741283e-01 5.989847715736040801e-01 5.736040609137056379e-01 5.989847715736040801e-01 5.939086294416243694e-01 5.279187817258883531e-01 2.436548223350253894e-01 5.532994923857867953e-01 5.076142131979695105e-01 5.939086294416243694e-01 6.192893401015228116e-01 5.888324873096446588e-01 7.157360406091370919e-01 5.786802030456852375e-01 6.700507614213198071e-01 7.461928934010152448e-01 7.258883248730964022e-01 5.228426395939086424e-01 5.634517766497462166e-01 3.128205128205128194e-01 5.128205128205127750e-01
7.692307692307692735e-01 9.230769230769231282e-01 8.000000000000000444e-01 7.384615384615385025e-01 7.384615384615385025e-01 8.769230769230769162e-01 9.076923076923076872e-01 9.076923076923076872e-01 8.307692307692308153e-01 8.153846153846153744e-01 8.923076923076923572e-01 5.538461538461538769e-01 9.230769230769231282e-01 8.615384615384615863e-01 8.615384615384615863e-01 8.769230769230769162e-01 8.153846153846153744e-01 8.923076923076923572e-01 8.615384615384615863e-01 8.769230769230769162e-01 7.076923076923077316e-01 7.692307692307692735e-01 8.412698412698412787e-01 3.174603174603174427e-01
5.600000000000000533e-01 5.600000000000000533e-01 4.000000000000000222e-01 4.000000000000000222e-01 4.799999999999999822e-01 4.799999999999999822e-01 4.799999999999999822e-01 4.799999999999999822e-01 5.200000000000000178e-01 5.600000000000000533e-01 4.799999999999999822e-01 3.599999999999999867e-01 4.799999999999999822e-01 4.400000000000000022e-01 5.200000000000000178e-01 8.800000000000000044e-01 5.999999999999999778e-01 6.400000000000000133e-01 6.800000000000000488e-01 5.200000000000000178e-01 3.200000000000000067e-01 4.400000000000000022e-01 4.583333333333333148e-01 2.083333333333333426e-01
6.875000000000000000e-01 8.125000000000000000e-01 7.500000000000000000e-01 6.875000000000000000e-01 8.750000000000000000e-01 6.250000000000000000e-01 7.500000000000000000e-01 7.500000000000000000e-01 8.750000000000000000e-01 8.125000000000000000e-01 8.125000000000000000e-01 8.125000000000000000e-01 5.625000000000000000e-01 8.125000000000000000e-01 7.500000000000000000e-01 8.750000000000000000e-01 7.500000000000000000e-01 8.125000000000000000e-01 8.750000000000000000e-01 9.375000000000000000e-01 6.875000000000000000e-01 8.750000000000000000e-01 5.000000000000000000e-01 5.000000000000000000e-01
9.375000000000000000e-01 1.000000000000000000e+00 1.000000000000000000e+00 7.500000000000000000e-01 8.125000000000000000e-01 5.625000000000000000e-01 6.875000000000000000e-01 6.875000000000000000e-01 9.375000000000000000e-01 9.375000000000000000e-01 8.125000000000000000e-01 7.500000000000000000e-01 6.250000000000000000e-01 8.750000000000000000e-01 7.500000000000000000e-01 8.750000000000000000e-01 9.375000000000000000e-01 6.875000000000000000e-01 9.375000000000000000e-01 8.125000000000000000e-01 6.875000000000000000e-01 8.125000000000000000e-01 5.625000000000000000e-01 5.000000000000000000e-01
7.500000000000000000e-01 7.777777777777777901e-01 6.111111111111111605e-01 4.444444444444444198e-01 5.833333333333333703e-01 7.222222222222222099e-01 7.500000000000000000e-01 7.500000000000000000e-01 8.055555555555555802e-01 6.666666666666666297e-01 7.222222222222222099e-01 5.277777777777777901e-01 6.111111111111111605e-01 6.944444444444444198e-01 6.944444444444444198e-01 8.333333333333333703e-01 6.388888888888888395e-01 6.666666666666666297e-01 8.333333333333333703e-01 8.333333333333333703e-01 4.722222222222222099e-01 6.666666666666666297e-01 7.777777777777777901e-01 2.500000000000000000e-01
1.000000000000000000e+00 1.000000000000000000e+00 9.247311827956988806e-01 8.602150537634408733e-01 1.000000000000000000e+00 9.892473118279569988e-01 9.892473118279569988e-01 9.892473118279569988e-01 9.892473118279569988e-01 9.139784946236558794e-01 1.000000000000000000e+00 8.817204301075268758e-01 9.677419354838709964e-01 1.000000000000000000e+00 9.462365591397849940e-01 9.569892473118279952e-01 9.677419354838709964e-01 9.677419354838709964e-01 1.000000000000000000e+00 1.000000000000000000e+00 1.000000000000000000e+00 1.000000000000000000e+00 9.892473118279569988e-01 8.279569892473118697e-01
5.648148148148147696e-01 5.462962962962962798e-01 4.212962962962962798e-01 5.972222222222222099e-01 5.370370370370370905e-01 5.370370370370370905e-01 5.370370370370370905e-01 5.509259259259259300e-01 4.953703703703703498e-01 5.555555555555555802e-01 5.092592592592593004e-01 3.518518518518518601e-01 5.509259259259259300e-01 5.462962962962962798e-01 6.342592592592593004e-01 7.222222222222222099e-01 5.416666666666666297e-01 6.712962962962962798e-01 6.342592592592593004e-01 6.203703703703703498e-01 5.370370370370370905e-01 5.370370370370370905e-01 6.930232558139535204e-01 7.116279069767441623e-01
8.958333333333333703e-01 9.861111111111111605e-01 9.722222222222222099e-01 9.236111111111111605e-01 8.680555555555555802e-01 9.652777777777777901e-01 1.000000000000000000e+00 1.000000000000000000e+00 8.819444444444444198e-01 3.402777777777777901e-01 9.861111111111111605e-01 9.861111111111111605e-01 9.791666666666666297e-01 9.791666666666666297e-01 9.722222222222222099e-01 9.930555555555555802e-01 5.347222222222222099e-01 9.236111111111111605e-01 9.930555555555555802e-01 9.861111111111111605e-01 8.333333333333333703e-01 1.000000000000000000e+00 9.647887323943662441e-01 9.154929577464788748e-01
9.565217391304348116e-01 1.000000000000000000e+00 9.130434782608695121e-01 9.130434782608695121e-01 1.000000000000000000e+00 1.000000000000000000e+00 1.000000000000000000e+00 1.000000000000000000e+00 9.565217391304348116e-01 1.000000000000000000e+00 1.000000000000000000e+00 1.000000000000000000e+00 8.695652173913043237e-01 1.000000000000000000e+00 1.000000000000000000e+00 1.000000000000000000e+00 1.000000000000000000e+00 1.000000000000000000e+00 1.000000000000000000e+00 1.000000000000000000e+00 1.000000000000000000e+00 9.565217391304348116e-01 1.000000000000000000e+00 5.000000000000000000e-01
6.899999999999999467e-01 7.199999999999999734e-01 7.099999999999999645e-01 6.300000000000000044e-01 6.999999999999999556e-01 6.099999999999999867e-01 5.400000000000000355e-01 5.400000000000000355e-01 5.000000000000000000e-01 4.699999999999999734e-01 5.300000000000000266e-01 6.300000000000000044e-01 6.300000000000000044e-01 5.500000000000000444e-01 6.800000000000000488e-01 6.400000000000000133e-01 4.899999999999999911e-01 5.000000000000000000e-01 7.099999999999999645e-01 6.700000000000000400e-01 7.099999999999999645e-01 5.999999999999999778e-01 8.399999999999999689e-01 7.800000000000000266e-01
3.717948717948718063e-01 5.961538461538461453e-01 1.474358974358974395e-01 2.820512820512820484e-01 7.051282051282051766e-01 6.282051282051281937e-01 3.974358974358974117e-01 3.974358974358974117e-01 3.974358974358974117e-01 3.525641025641025883e-01 7.307692307692307265e-01 2.756410256410256610e-01 4.615384615384615641e-01 4.487179487179487336e-01 4.358974358974359031e-01 4.358974358974359031e-01 2.756410256410256610e-01 3.461538461538461453e-01 6.987179487179486781e-01 5.961538461538461453e-01 5.705128205128204844e-01 7.628205128205127750e-01 3.653846153846153633e-01 7.179487179487179516e-01
4.487179487179487336e-01 6.923076923076922906e-01 2.564102564102563875e-01 3.012820512820512664e-01 6.346153846153845812e-01 5.192307692307692735e-01 4.615384615384615641e-01 4.615384615384615641e-01 3.782051282051281937e-01 3.589743589743589758e-01 6.666666666666666297e-01 3.846153846153846367e-01 4.423076923076922906e-01 4.294871794871794601e-01 5.256410256410256610e-01 5.576923076923077094e-01 3.717948717948718063e-01 3.846153846153846367e-01 6.987179487179486781e-01 6.730769230769231282e-01 5.256410256410256610e-01 6.346153846153845812e-01 6.666666666666666297e-01 2.756410256410256610e-01
5.320512820512820484e-01 7.435897435897436125e-01 8.333333333333332871e-02 2.435897435897435848e-01 7.243589743589743390e-01 5.833333333333333703e-01 4.615384615384615641e-01 4.551282051282051211e-01 4.423076923076922906e-01 3.717948717948718063e-01 7.307692307692307265e-01 3.589743589743589758e-01 4.871794871794871695e-01 5.192307692307692735e-01 5.705128205128204844e-01 4.935897435897436125e-01 3.141025641025640969e-01 4.487179487179487336e-01 7.500000000000000000e-01 6.217948717948718063e-01 5.512820512820513219e-01 7.115384615384615641e-01 6.089743589743589203e-01 7.756410256410256610e-01
9.846153846153846700e-01 9.538461538461538991e-01 9.692307692307692291e-01 1.000000000000000000e+00 9.846153846153846700e-01 9.538461538461538991e-01 9.692307692307692291e-01 9.692307692307692291e-01 1.000000000000000000e+00 9.846153846153846700e-01 9.538461538461538991e-01 9.538461538461538991e-01 9.846153846153846700e-01 9.692307692307692291e-01 9.846153846153846700e-01 9.846153846153846700e-01 9.692307692307692291e-01 9.692307692307692291e-01 9.692307692307692291e-01 1.000000000000000000e+00 9.692307692307692291e-01 9.846153846153846700e-01 8.437500000000000000e-01 3.906250000000000000e-01
7.045454545454545858e-01 7.045454545454545858e-01 6.931818181818182323e-01 7.045454545454545858e-01 8.409090909090909394e-01 8.295454545454545858e-01 8.068181818181817677e-01 8.068181818181817677e-01 8.522727272727272929e-01 7.386363636363636465e-01 8.181818181818182323e-01 7.386363636363636465e-01 7.386363636363636465e-01 8.068181818181817677e-01 8.068181818181817677e-01 8.636363636363636465e-01 7.727272727272727071e-01 8.181818181818182323e-01 8.750000000000000000e-01 8.522727272727272929e-01 7.159090909090909394e-01 7.954545454545454142e-01 7.471264367816091712e-01 7.586206896551723755e-01
7.685185185185184897e-01 7.592592592592593004e-01 8.148148148148147696e-01 7.129629629629629095e-01 7.407407407407406996e-01 7.777777777777777901e-01 7.870370370370370905e-01 7.962962962962962798e-01 7.129629629629629095e-01 7.592592592592593004e-01 7.314814814814815103e-01 8.055555555555555802e-01 7.777777777777777901e-01 7.777777777777777901e-01 7.962962962962962798e-01 8.055555555555555802e-01 7.037037037037037202e-01 7.592592592592593004e-01 8.425925925925925597e-01 7.592592592592593004e-01 6.481481481481481399e-01 6.944444444444444198e-01 6.635514018691588412e-01 6.635514018691588412e-01
6.880733944954128267e-01 7.431192660550458573e-01 6.972477064220183873e-01 6.788990825688073771e-01 6.880733944954128267e-01 6.880733944954128267e-01 7.064220183486238369e-01 7.155963302752293975e-01 7.247706422018348471e-01 7.431192660550458573e-01 6.972477064220183873e-01 6.972477064220183873e-01 7.064220183486238369e-01 6.880733944954128267e-01 7.247706422018348471e-01 7.706422018348624281e-01 7.064220183486238369e-01 7.155963302752293975e-01 7.522935779816514179e-01 7.431192660550458573e-01 7.064220183486238369e-01 6.880733944954128267e-01 7.009345794392523032e-01 6.822429906542055722e-01
6.989247311827957443e-01 7.956989247311827551e-01 5.376344086021505042e-01 7.741935483870967527e-01 7.741935483870967527e-01 7.419354838709677491e-01 6.666666666666666297e-01 6.666666666666666297e-01 7.956989247311827551e-01 7.956989247311827551e-01 7.311827956989247479e-01 7.741935483870967527e-01 7.956989247311827551e-01 6.129032258064516236e-01 7.849462365591397539e-01 7.956989247311827551e-01 5.268817204301075030e-01 5.483870967741935054e-01 7.956989247311827551e-01 8.172043010752688685e-01 7.419354838709677491e-01 6.881720430107527431e-01 6.956521739130434590e-01 7.934782608695651884e-01
6.500000000000000222e-01 7.500000000000000000e-01 7.833333333333333259e-01 7.166666666666666741e-01 7.666666666666667185e-01 8.000000000000000444e-01 8.499999999999999778e-01 8.499999999999999778e-01 8.666666666666666963e-01 8.666666666666666963e-01 8.499999999999999778e-01 8.000000000000000444e-01 8.833333333333333037e-01 8.333333333333333703e-01 7.666666666666667185e-01 8.666666666666666963e-01 8.333333333333333703e-01 9.000000000000000222e-01 8.499999999999999778e-01 9.000000000000000222e-01 7.166666666666666741e-01 7.666666666666667185e-01 7.833333333333333259e-01 3.499999999999999778e-01
8.719999999999999973e-01 9.280000000000000471e-01 8.399999999999999689e-01 8.719999999999999973e-01 8.800000000000000044e-01 9.040000000000000258e-01 9.200000000000000400e-01 9.120000000000000329e-01 8.639999999999999902e-01 9.360000000000000542e-01 9.040000000000000258e-01 9.439999999999999503e-01 9.360000000000000542e-01 9.120000000000000329e-01 9.360000000000000542e-01 9.360000000000000542e-01 9.519999999999999574e-01 9.439999999999999503e-01 9.360000000000000542e-01 9.360000000000000542e-01 8.800000000000000044e-01 9.120000000000000329e-01 9.040000000000000258e-01 9.040000000000000258e-01
9.887640449438201973e-01 1.000000000000000000e+00 8.764044943820225031e-01 7.865168539325843033e-01 9.775280898876403946e-01 9.550561797752809001e-01 9.101123595505618002e-01 9.101123595505618002e-01 1.000000000000000000e+00 9.662921348314607028e-01 9.887640449438201973e-01 8.764044943820225031e-01 9.325842696629212947e-01 8.876404494382021948e-01 9.213483146067416030e-01 9.887640449438201973e-01 9.662921348314607028e-01 9.887640449438201973e-01 1.000000000000000000e+00 1.000000000000000000e+00 1.000000000000000000e+00 9.775280898876403946e-01 1.000000000000000000e+00 1.000000000000000000e+00
6.225961538461538547e-01 6.538461538461538547e-01 5.000000000000000000e-01 4.399038461538461453e-01 6.634615384615384359e-01 6.081730769230768718e-01 5.240384615384615641e-01 5.144230769230768718e-01 2.572115384615384359e-01 4.495192307692307820e-01 6.490384615384615641e-01 5.264423076923077094e-01 5.264423076923077094e-01 5.288461538461538547e-01 5.961538461538461453e-01 6.466346153846154188e-01 4.375000000000000000e-01 4.254807692307692180e-01 8.125000000000000000e-01 6.682692307692307265e-01 6.081730769230768718e-01 6.442307692307692735e-01 7.060240963855421992e-01 7.228915662650602370e-01
8.849557522123894238e-01 9.203539823008849430e-01 5.044247787610619538e-01 5.398230088495574730e-01 8.761061946902655162e-01 7.610619469026548289e-01 7.433628318584071248e-01 6.902654867256636795e-01 6.991150442477875870e-01 7.168141592920354022e-01 9.469026548672566657e-01 7.964601769911504592e-01 6.460176991150442527e-01 7.345132743362832173e-01 7.876106194690265516e-01 8.141592920353982743e-01 7.168141592920354022e-01 7.256637168141593097e-01 8.761061946902655162e-01 9.203539823008849430e-01 8.318584070796459784e-01 8.938053097345132203e-01 9.107142857142856984e-01 7.946428571428570953e-01
9.705882352941176405e-01 1.000000000000000000e+00 9.411764705882352811e-01 7.352941176470588758e-01 8.823529411764705621e-01 8.823529411764705621e-01 8.529411764705882026e-01 8.529411764705882026e-01 8.823529411764705621e-01 9.411764705882352811e-01 9.411764705882352811e-01 9.117647058823529216e-01 9.411764705882352811e-01 7.941176470588234837e-01 9.705882352941176405e-01 1.000000000000000000e+00 9.411764705882352811e-01 9.411764705882352811e-01 1.000000000000000000e+00 9.411764705882352811e-01 7.352941176470588758e-01 8.823529411764705621e-01 1.000000000000000000e+00 6.969696969696970168e-01
8.672566371681416086e-01 9.115044247787610354e-01 4.955752212389380462e-01 3.982300884955752296e-01 8.495575221238937935e-01 6.991150442477875870e-01 6.991150442477875870e-01 7.079646017699114946e-01 6.725663716814159754e-01 6.460176991150442527e-01 9.469026548672566657e-01 6.814159292035397719e-01 6.725663716814159754e-01 6.371681415929203451e-01 7.256637168141593097e-01 7.522123893805309214e-01 6.017699115044248259e-01 6.548672566371681603e-01 8.407079646017698860e-01 8.495575221238937935e-01 8.141592920353982743e-01 8.672566371681416086e-01 9.017857142857143016e-01 8.571428571428570953e-01
5.448028673835125790e-01 6.379928315412186635e-01 1.971326164874551978e-01 3.512544802867383353e-01 6.630824372759857033e-01 5.448028673835125790e-01 6.093189964157705862e-01 6.093189964157705862e-01 4.767025089605734789e-01 5.663082437275985814e-01 7.706093189964157153e-01 4.551971326164874765e-01 5.949820788530465476e-01 6.164874551971326611e-01 5.913978494623656212e-01 6.164874551971326611e-01 5.412186379928315416e-01 5.770609318996415826e-01 6.810035842293906683e-01 6.630824372759857033e-01 5.017921146953404632e-01 7.383512544802867117e-01 6.309963099630996330e-01 7.380073800738007339e-01
8.285714285714286254e-01 8.571428571428570953e-01 5.285714285714285809e-01 4.857142857142857095e-01 6.142857142857143238e-01 5.571428571428571619e-01 6.142857142857143238e-01 6.142857142857143238e-01 5.857142857142857428e-01 7.142857142857143016e-01 7.142857142857143016e-01 4.428571428571428381e-01 6.571428571428571397e-01 6.142857142857143238e-01 6.999999999999999556e-01 7.428571428571428825e-01 6.571428571428571397e-01 6.999999999999999556e-01 9.000000000000000222e-01 6.571428571428571397e-01 5.999999999999999778e-01 6.428571428571429047e-01 9.142857142857142572e-01 6.428571428571429047e-01
7.125506072874493446e-01 8.744939271255061097e-01 4.898785425101214730e-01 5.546558704453441457e-01 6.477732793522267274e-01 6.882591093117408354e-01 6.113360323886639636e-01 6.072874493927125084e-01 7.692307692307692735e-01 4.696356275303643635e-01 6.882591093117408354e-01 4.777327935222672184e-01 6.072874493927125084e-01 7.165991902834007998e-01 5.546558704453441457e-01 5.546558704453441457e-01 4.736842105263157632e-01 6.275303643724696734e-01 8.542510121457489447e-01 5.829959514170039991e-01 5.789473684210526550e-01 5.789473684210526550e-01 9.146341463414634498e-01 9.390243902439023849e-01
6.950672645739910394e-01 9.058295964125560040e-01 4.887892376681614581e-01 4.573991031390134410e-01 7.219730941704035621e-01 7.040358744394619173e-01 5.919282511210762765e-01 6.053811659192824823e-01 7.982062780269058022e-01 5.156950672645740363e-01 7.309417040358744400e-01 5.515695067264574369e-01 5.874439461883408375e-01 7.085201793721973562e-01 5.515695067264574369e-01 5.919282511210762765e-01 4.932735426008968416e-01 5.515695067264574369e-01 9.192825112107623209e-01 6.681614349775785167e-01 5.291479820627802422e-01 6.457399103139013219e-01 7.387387387387387427e-01 9.054054054054053724e-01
9.833333333333332815e-01 1.000000000000000000e+00 8.666666666666666963e-01 7.666666666666667185e-01 9.333333333333333481e-01 8.833333333333333037e-01 8.833333333333333037e-01 8.833333333333333037e-01 1.000000000000000000e+00 9.166666666666666297e-01 9.666666666666666741e-01 7.166666666666666741e-01 9.000000000000000222e-01 9.333333333333333481e-01 9.000000000000000222e-01 9.166666666666666297e-01 8.833333333333333037e-01 9.166666666666666297e-01 1.000000000000000000e+00 9.333333333333333481e-01 9.666666666666666741e-01 9.333333333333333481e-01 1.000000000000000000e+00 6.666666666666666297e-01
7.538461538461538325e-01 8.307692307692308153e-01 7.384615384615385025e-01 6.461538461538461897e-01 6.307692307692307487e-01 7.692307692307692735e-01 7.538461538461538325e-01 7.538461538461538325e-01 6.307692307692307487e-01 7.846153846153846034e-01 8.153846153846153744e-01 8.153846153846153744e-01 7.538461538461538325e-01 6.307692307692307487e-01 8.000000000000000444e-01 7.692307692307692735e-01 8.000000000000000444e-01 8.153846153846153744e-01 7.230769230769230616e-01 7.692307692307692735e-01 6.153846153846154188e-01 6.615384615384615197e-01 7.500000000000000000e-01 7.187500000000000000e-01
8.768115942028985588e-01 8.840579710144927938e-01 8.768115942028985588e-01 8.333333333333333703e-01 8.550724637681159646e-01 8.478260869565217295e-01 8.623188405797101996e-01 8.623188405797101996e-01 8.985507246376811530e-01 6.376811594202898004e-01 8.405797101449274944e-01 8.695652173913043237e-01 8.550724637681159646e-01 8.550724637681159646e-01 9.057971014492753881e-01 8.985507246376811530e-01 8.985507246376811530e-01 8.550724637681159646e-01 9.420289855072463414e-01 9.130434782608695121e-01 7.608695652173913526e-01 8.333333333333333703e-01 3.649635036496350349e-01 3.649635036496350349e-01
4.148936170212765839e-01 4.042553191489361430e-01 3.617021276595744905e-01 3.404255319148936088e-01 3.936170212765957577e-01 4.574468085106382920e-01 4.680851063829787329e-01 4.680851063829787329e-01 3.617021276595744905e-01 4.574468085106382920e-01 4.361702127659574657e-01 4.680851063829787329e-01 4.680851063829787329e-01 4.787234042553191737e-01 4.361702127659574657e-01 5.319148936170212671e-01 4.255319148936170248e-01 4.574468085106382920e-01 5.319148936170212671e-01 4.893617021276595591e-01 2.978723404255319007e-01 4.468085106382978511e-01 4.347826086956521618e-01 3.043478260869565410e-01
5.641025641025640969e-01 5.641025641025640969e-01 6.410256410256410797e-01 6.666666666666666297e-01 6.666666666666666297e-01 6.410256410256410797e-01 6.666666666666666297e-01 6.666666666666666297e-01 6.666666666666666297e-01 6.153846153846154188e-01 5.384615384615384359e-01 6.410256410256410797e-01 6.153846153846154188e-01 5.897435897435897578e-01 6.410256410256410797e-01 7.179487179487179516e-01 6.923076923076922906e-01 6.410256410256410797e-01 6.153846153846154188e-01 6.153846153846154188e-01 5.641025641025640969e-01 6.153846153846154188e-01 3.947368421052631637e-01 3.947368421052631637e-01
4.166666666666666852e-01 5.378787878787878451e-01 1.818181818181818232e-01 2.121212121212121271e-01 3.484848484848485084e-01 3.257575757575757458e-01 3.409090909090908839e-01 3.409090909090908839e-01 3.030303030303030387e-01 1.818181818181818232e-01 5.075757575757575690e-01 2.045454545454545581e-01 3.257575757575757458e-01 3.787878787878787845e-01 3.787878787878787845e-01 3.787878787878787845e-01 2.651515151515151381e-01 3.484848484848485084e-01 5.227272727272727071e-01 3.863636363636363535e-01 2.803030303030302761e-01 4.166666666666666852e-01 1.000000000000000056e-01 1.615384615384615474e-01
4.545454545454545303e-01 4.363636363636363424e-01 5.454545454545454142e-01 5.181818181818181879e-01 2.545454545454545192e-01 3.818181818181818343e-01 5.090909090909090384e-01 5.090909090909090384e-01 4.818181818181818121e-01 5.272727272727272263e-01 5.090909090909090384e-01 5.909090909090909394e-01 5.000000000000000000e-01 4.727272727272727182e-01 5.818181818181817899e-01 5.363636363636363757e-01 5.454545454545454142e-01 5.181818181818181879e-01 5.636363636363636020e-01 5.272727272727272263e-01 1.181818181818181795e-01 4.181818181818181546e-01 4.363636363636363424e-01 4.727272727272727182e-01
9.090909090909090606e-01 9.181818181818182101e-01 9.090909090909090606e-01 9.636363636363636243e-01 9.636363636363636243e-01 9.636363636363636243e-01 9.636363636363636243e-01 9.636363636363636243e-01 9.272727272727272485e-01 9.636363636363636243e-01 9.545454545454545858e-01 8.727272727272726849e-01 9.636363636363636243e-01 9.636363636363636243e-01 9.636363636363636243e-01 9.636363636363636243e-01 9.636363636363636243e-01 9.545454545454545858e-01 9.727272727272727737e-01 9.636363636363636243e-01 9.363636363636363980e-01 9.545454545454545858e-01 9.541284403669725300e-01 6.788990825688073771e-01
5.733333333333333615e-01 7.333333333333332815e-01 4.799999999999999822e-01 5.133333333333333082e-01 7.466666666666667007e-01 5.999999999999999778e-01 4.600000000000000200e-01 4.600000000000000200e-01 3.333333333333333148e-01 3.933333333333333126e-01 5.666666666666666519e-01 4.666666666666666741e-01 4.066666666666666763e-01 5.400000000000000355e-01 5.133333333333333082e-01 5.400000000000000355e-01 3.933333333333333126e-01 4.000000000000000222e-01 8.866666666666667140e-01 5.266666666666666163e-01 6.999999999999999556e-01 6.466666666666666119e-01 9.066666666666666208e-01 9.599999999999999645e-01
6.756756756756756577e-01 6.756756756756756577e-01 6.756756756756756577e-01 6.756756756756756577e-01 8.378378378378378288e-01 8.378378378378378288e-01 7.027027027027027417e-01 7.027027027027027417e-01 5.945945945945946276e-01 6.756756756756756577e-01 6.756756756756756577e-01 7.027027027027027417e-01 5.675675675675675436e-01 7.297297297297297147e-01 7.567567567567567988e-01 7.837837837837837718e-01 6.216216216216216006e-01 6.756756756756756577e-01 7.027027027027027417e-01 5.675675675675675436e-01 8.378378378378378288e-01 8.108108108108108558e-01 8.055555555555555802e-01 6.944444444444444198e-01
4.545454545454545303e-01 6.590909090909090606e-01 5.681818181818182323e-01 4.318181818181818232e-01 5.909090909090909394e-01 6.590909090909090606e-01 6.136363636363636465e-01 6.136363636363636465e-01 1.590909090909090884e-01 5.909090909090909394e-01 7.272727272727272929e-01 5.909090909090909394e-01 6.136363636363636465e-01 6.363636363636363535e-01 7.045454545454545858e-01 7.500000000000000000e-01 6.590909090909090606e-01 6.136363636363636465e-01 7.272727272727272929e-01 7.045454545454545858e-01 4.772727272727272929e-01 6.590909090909090606e-01 6.904761904761904656e-01 2.857142857142856984e-01
9.000000000000000222e-01 9.666666666666666741e-01 9.666666666666666741e-01 8.333333333333333703e-01 9.749999999999999778e-01 9.583333333333333703e-01 9.666666666666666741e-01 9.666666666666666741e-01 1.000000000000000000e+00 9.916666666666666963e-01 9.583333333333333703e-01 9.666666666666666741e-01 9.499999999999999556e-01 9.749999999999999778e-01 9.749999999999999778e-01 1.000000000000000000e+00 9.749999999999999778e-01 9.833333333333332815e-01 1.000000000000000000e+00 9.916666666666666963e-01 9.333333333333333481e-01 9.666666666666666741e-01 2.083333333333333426e-01 1.333333333333333315e-01
1.000000000000000000e+00 1.000000000000000000e+00 1.000000000000000000e+00 8.333333333333333703e-01 1.000000000000000000e+00 9.722222222222222099e-01 9.722222222222222099e-01 9.722222222222222099e-01 9.722222222222222099e-01 1.000000000000000000e+00 1.000000000000000000e+00 1.000000000000000000e+00 1.000000000000000000e+00 1.000000000000000000e+00 1.000000000000000000e+00 1.000000000000000000e+00 9.166666666666666297e-01 8.888888888888888395e-01 1.000000000000000000e+00 9.722222222222222099e-01 1.000000000000000000e+00 1.000000000000000000e+00 3.333333333333333148e-01 3.333333333333333148e-01
5.431034482758620996e-01 6.120689655172413257e-01 3.362068965517241437e-01 5.603448275862068506e-01 6.637931034482759118e-01 6.724137931034482873e-01 5.948275862068965747e-01 5.689655172413793371e-01 5.431034482758620996e-01 5.948275862068965747e-01 6.379310344827586743e-01 5.517241379310344751e-01 5.689655172413793371e-01 5.775862068965517127e-01 6.637931034482759118e-01 6.896551724137931494e-01 5.172413793103448620e-01 5.431034482758620996e-01 6.120689655172413257e-01 6.465517241379310498e-01 5.344827586206896131e-01 6.810344827586206629e-01 5.526315789473684736e-01 4.385964912280701511e-01
7.111111111111111382e-01 7.111111111111111382e-01 7.555555555555555358e-01 5.888888888888889062e-01 7.222222222222222099e-01 7.777777777777777901e-01 7.777777777777777901e-01 7.777777777777777901e-01 6.999999999999999556e-01 7.222222222222222099e-01 7.666666666666667185e-01 6.333333333333333037e-01 8.000000000000000444e-01 7.555555555555555358e-01 7.333333333333332815e-01 8.111111111111111160e-01 6.888888888888888840e-01 7.888888888888888618e-01 6.888888888888888840e-01 7.333333333333332815e-01 7.333333333333332815e-01 7.555555555555555358e-01 6.853932584269663009e-01 4.157303370786517016e-01
6.666666666666666297e-01 6.486486486486486847e-01 7.027027027027027417e-01 6.396396396396396566e-01 6.846846846846846857e-01 6.486486486486486847e-01 6.486486486486486847e-01 6.486486486486486847e-01 6.036036036036036556e-01 6.846846846846846857e-01 6.846846846846846857e-01 6.846846846846846857e-01 7.117117117117116587e-01 6.216216216216216006e-01 6.576576576576577127e-01 6.576576576576577127e-01 6.846846846846846857e-01 6.396396396396396566e-01 6.486486486486486847e-01 6.666666666666666297e-01 6.306306306306306286e-01 6.666666666666666297e-01 4.090909090909091161e-01 3.818181818181818343e-01
5.585585585585585155e-01 6.126126126126125726e-01 5.495495495495495986e-01 5.225225225225225145e-01 5.675675675675675436e-01 6.126126126126125726e-01 5.855855855855855996e-01 5.855855855855855996e-01 5.045045045045044585e-01 6.216216216216216006e-01 5.495495495495495986e-01 5.765765765765765716e-01 6.036036036036036556e-01 5.405405405405405705e-01 5.765765765765765716e-01 5.675675675675675436e-01 5.405405405405405705e-01 5.495495495495495986e-01 5.585585585585585155e-01 5.765765765765765716e-01 5.225225225225225145e-01 5.315315315315315425e-01 5.545454545454545636e-01 4.363636363636363424e-01
9.531250000000000000e-01 9.531250000000000000e-01 9.140625000000000000e-01 9.218750000000000000e-01 8.906250000000000000e-01 8.984375000000000000e-01 9.062500000000000000e-01 9.062500000000000000e-01 8.515625000000000000e-01 9.218750000000000000e-01 9.531250000000000000e-01 9.062500000000000000e-01 9.375000000000000000e-01 8.671875000000000000e-01 9.218750000000000000e-01 9.375000000000000000e-01 8.984375000000000000e-01 9.453125000000000000e-01 9.296875000000000000e-01 9.375000000000000000e-01 8.593750000000000000e-01 8.671875000000000000e-01 9.842519685039370358e-01 9.212598425196850682e-01
5.500000000000000444e-01 7.684210526315788936e-01 6.973684210526315264e-01 5.236842105263157521e-01 7.342105263157894246e-01 7.552631578947368585e-01 7.500000000000000000e-01 7.473684210526315708e-01 5.973684210526315486e-01 7.631578947368421462e-01 7.368421052631578538e-01 7.394736842105262831e-01 6.868421052631579204e-01 7.605263157894737169e-01 7.894736842105263275e-01 8.052631578947367919e-01 7.552631578947368585e-01 7.315789473684211064e-01 8.736842105263158409e-01 7.973684210526316152e-01 5.710526315789473673e-01 7.105263157894736725e-01 8.404255319148936643e-01 8.271276595744680993e-01
6.147757255936675547e-01 8.311345646437994228e-01 7.783641160949867910e-01 6.754617414248020868e-01 8.284960422163588634e-01 8.205804749340369630e-01 8.284960422163588634e-01 8.311345646437994228e-01 6.675461741424801865e-01 8.126649076517150627e-01 8.364116094986807637e-01 8.153034300791556221e-01 7.968337730870712621e-01 8.232189973614775225e-01 8.522427440633245643e-01 8.812664907651714952e-01 8.047493403693931624e-01 7.836411609498680209e-01 9.129287598944590965e-01 8.627968337730870241e-01 6.649076517150396270e-01 8.126649076517150627e-01 7.978723404255319007e-01 8.031914893617021489e-01
8.750000000000000000e-01 8.750000000000000000e-01 8.750000000000000000e-01 8.750000000000000000e-01 8.333333333333333703e-01 8.750000000000000000e-01 8.750000000000000000e-01 8.750000000000000000e-01 8.333333333333333703e-01 8.750000000000000000e-01 8.750000000000000000e-01 8.750000000000000000e-01 8.750000000000000000e-01 8.750000000000000000e-01 9.166666666666666297e-01 8.750000000000000000e-01 7.500000000000000000e-01 8.333333333333333703e-01 8.333333333333333703e-01 8.750000000000000000e-01 8.333333333333333703e-01 8.333333333333333703e-01 5.833333333333333703e-01 2.916666666666666852e-01
6.777777777777778123e-01 9.555555555555556024e-01 2.888888888888888618e-01 4.111111111111110938e-01 5.777777777777777235e-01 5.000000000000000000e-01 4.000000000000000222e-01 4.000000000000000222e-01 6.444444444444444864e-01 3.222222222222222432e-01 6.999999999999999556e-01 3.444444444444444420e-01 4.000000000000000222e-01 4.888888888888888729e-01 4.111111111111110938e-01 4.555555555555555469e-01 2.999999999999999889e-01 3.666666666666666408e-01 9.111111111111110938e-01 4.777777777777778012e-01 5.444444444444443976e-01 5.444444444444443976e-01 7.613636363636363535e-01 2.386363636363636465e-01
5.789473684210526550e-01 7.067669172932330435e-01 7.067669172932330435e-01 6.240601503759398705e-01 7.218045112781954487e-01 7.293233082706767068e-01 7.293233082706767068e-01 7.293233082706767068e-01 6.616541353383458279e-01 6.992481203007518964e-01 7.293233082706767068e-01 6.015037593984962072e-01 7.368421052631578538e-01 7.443609022556391119e-01 7.819548872180450694e-01 7.669172932330826642e-01 5.864661654135338020e-01 6.917293233082706383e-01 7.443609022556391119e-01 7.669172932330826642e-01 7.293233082706767068e-01 7.142857142857143016e-01 6.969696969696970168e-01 7.121212121212121549e-01
8.490566037735848559e-02 2.830188679245282946e-01 1.132075471698113234e-01 6.603773584905660299e-02 2.547169811320754707e-01 1.792452830188679125e-01 7.075471698113207364e-02 7.075471698113207364e-02 1.981132075471698228e-01 7.075471698113207364e-02 2.311320754716981174e-01 1.792452830188679125e-01 8.490566037735848559e-02 1.037735849056603821e-01 1.650943396226415005e-01 1.415094339622641473e-01 1.037735849056603821e-01 9.905660377358491142e-02 3.066037735849056478e-01 2.075471698113207641e-01 1.839622641509433831e-01 2.028301886792452935e-01 2.559241706161137220e-01 2.890995260663506983e-01
9.841269841269840724e-01 9.841269841269840724e-01 9.682539682539682557e-01 9.047619047619047672e-01 1.000000000000000000e+00 9.841269841269840724e-01 9.841269841269840724e-01 9.841269841269840724e-01 9.841269841269840724e-01 9.841269841269840724e-01 9.841269841269840724e-01 9.523809523809523281e-01 9.841269841269840724e-01 9.841269841269840724e-01 9.682539682539682557e-01 9.682539682539682557e-01 9.841269841269840724e-01 9.841269841269840724e-01 1.000000000000000000e+00 9.841269841269840724e-01 1.000000000000000000e+00 9.841269841269840724e-01 1.000000000000000000e+00 2.380952380952380820e-01
7.555555555555555358e-01 7.888888888888888618e-01 6.888888888888888840e-01 7.222222222222222099e-01 7.888888888888888618e-01 7.888888888888888618e-01 8.000000000000000444e-01 8.000000000000000444e-01 7.333333333333332815e-01 8.000000000000000444e-01 7.777777777777777901e-01 6.555555555555555580e-01 7.777777777777777901e-01 7.777777777777777901e-01 8.000000000000000444e-01 8.111111111111111160e-01 8.000000000000000444e-01 8.444444444444444420e-01 8.111111111111111160e-01 7.888888888888888618e-01 7.555555555555555358e-01 7.666666666666667185e-01 6.741573033707864981e-01 3.370786516853932491e-01
6.776859504132231038e-01 7.851239669421488099e-01 8.264462809917355601e-01 7.024793388429751984e-01 7.107438016528925262e-01 6.942148760330578705e-01 7.107438016528925262e-01 7.107438016528925262e-01 7.272727272727272929e-01 7.768595041322313710e-01 7.272727272727272929e-01 8.016528925619834656e-01 8.429752066115702158e-01 7.272727272727272929e-01 8.429752066115702158e-01 8.099173553719007934e-01 7.933884297520661377e-01 7.603305785123967153e-01 7.933884297520661377e-01 8.016528925619834656e-01 7.355371900826446208e-01 7.355371900826446208e-01 8.099173553719007934e-01 1.487603305785124008e-01
7.295081967213115082e-01 7.049180327868852514e-01 7.622950819672130729e-01 7.131147540983606703e-01 6.885245901639344135e-01 7.377049180327869271e-01 7.295081967213115082e-01 7.295081967213115082e-01 7.704918032786884918e-01 8.032786885245901676e-01 7.459016393442623460e-01 7.950819672131147486e-01 7.704918032786884918e-01 7.049180327868852514e-01 7.868852459016393297e-01 7.950819672131147486e-01 7.295081967213115082e-01 7.377049180327869271e-01 7.950819672131147486e-01 8.114754098360655865e-01 7.459016393442623460e-01 7.295081967213115082e-01 8.099173553719007934e-01 6.611570247933884481e-02
5.266666666666666163e-01 6.333333333333333037e-01 5.200000000000000178e-01 3.733333333333333504e-01 5.799999999999999600e-01 4.666666666666666741e-01 3.133333333333333526e-01 3.133333333333333526e-01 4.400000000000000022e-01 3.533333333333333326e-01 5.533333333333333437e-01 3.533333333333333326e-01 3.266666666666666607e-01 4.000000000000000222e-01 4.666666666666666741e-01 4.866666666666666918e-01 3.933333333333333126e-01 3.933333333333333126e-01 6.066666666666666874e-01 5.533333333333333437e-01 5.866666666666666696e-01 5.533333333333333437e-01 6.466666666666666119e-01 5.733333333333333615e-01
3.466666666666666785e-01 5.133333333333333082e-01 3.333333333333333148e-01 3.466666666666666785e-01 4.666666666666666741e-01 3.933333333333333126e-01 4.000000000000000222e-01 4.266666666666666941e-01 3.333333333333333148e-01 3.800000000000000044e-01 4.466666666666666563e-01 4.400000000000000022e-01 4.533333333333333104e-01 4.466666666666666563e-01 4.333333333333333481e-01 4.866666666666666918e-01 4.133333333333333304e-01 4.533333333333333104e-01 6.199999999999999956e-01 5.000000000000000000e-01 4.533333333333333104e-01 4.666666666666666741e-01 5.799999999999999600e-01 5.733333333333333615e-01
9.166666666666666297e-01 1.000000000000000000e+00 3.666666666666666408e-01 5.000000000000000000e-01 6.833333333333333481e-01 6.666666666666666297e-01 4.333333333333333481e-01 4.333333333333333481e-01 1.000000000000000000e+00 4.333333333333333481e-01 9.666666666666666741e-01 4.000000000000000222e-01 4.666666666666666741e-01 6.999999999999999556e-01 3.833333333333333592e-01 3.499999999999999778e-01 4.500000000000000111e-01 4.500000000000000111e-01 1.000000000000000000e+00 5.333333333333333259e-01 5.500000000000000444e-01 8.666666666666666963e-01 1.000000000000000000e+00 7.166666666666666741e-01
6.500000000000000222e-01 8.166666666666666519e-01 3.366666666666666696e-01 3.733333333333333504e-01 6.933333333333333570e-01 6.066666666666666874e-01 6.700000000000000400e-01 6.700000000000000400e-01 4.733333333333333282e-01 5.966666666666666785e-01 8.133333333333333526e-01 5.266666666666666163e-01 6.700000000000000400e-01 6.966666666666666563e-01 6.999999999999999556e-01 7.033333333333333659e-01 6.533333333333333215e-01 6.733333333333333393e-01 7.933333333333333348e-01 7.133333333333333748e-01 5.866666666666666696e-01 7.233333333333333837e-01 8.866666666666667140e-01 8.733333333333332948e-01
7.133333333333333748e-01 7.266666666666666829e-01 6.266666666666667052e-01 5.600000000000000533e-01 5.200000000000000178e-01 4.266666666666666941e-01 3.133333333333333526e-01 3.133333333333333526e-01 3.333333333333333148e-01 3.933333333333333126e-01 4.400000000000000022e-01 5.600000000000000533e-01 5.799999999999999600e-01 4.000000000000000222e-01 5.733333333333333615e-01 6.933333333333333570e-01 4.533333333333333104e-01 4.466666666666666563e-01 7.133333333333333748e-01 6.866666666666666474e-01 5.533333333333333437e-01 6.133333333333332860e-01 5.999999999999999778e-01 3.666666666666666408e-01
9.040000000000000258e-01 9.200000000000000400e-01 9.759999999999999787e-01 9.040000000000000258e-01 9.519999999999999574e-01 9.280000000000000471e-01 9.519999999999999574e-01 9.439999999999999503e-01 9.759999999999999787e-01 9.599999999999999645e-01 9.439999999999999503e-01 9.839999999999999858e-01 9.280000000000000471e-01 9.839999999999999858e-01 9.679999999999999716e-01 9.759999999999999787e-01 9.599999999999999645e-01 9.439999999999999503e-01 9.839999999999999858e-01 9.839999999999999858e-01 8.960000000000000187e-01 9.519999999999999574e-01 1.000000000000000000e+00 9.677419354838709964e-01
9.285714285714286031e-01 8.571428571428570953e-01 8.469387755102041337e-01 7.142857142857143016e-01 9.387755102040816757e-01 8.775510204081632404e-01 8.877551020408163129e-01 8.877551020408163129e-01 8.877551020408163129e-01 9.183673469387755306e-01 9.591836734693877098e-01 8.367346938775510612e-01 9.387755102040816757e-01 9.387755102040816757e-01 9.285714285714286031e-01 9.693877551020407823e-01 8.775510204081632404e-01 9.081632653061224580e-01 9.693877551020407823e-01 9.693877551020407823e-01 9.285714285714286031e-01 8.979591836734693855e-01 9.897959183673469274e-01 9.897959183673469274e-01
9.264069264069264564e-01 9.826839826839827152e-01 7.748917748917748538e-01 8.398268398268398105e-01 8.961038961038960693e-01 8.831168831168830780e-01 8.614718614718614997e-01 8.614718614718614997e-01 9.307359307359307499e-01 8.961038961038960693e-01 8.571428571428570953e-01 8.095238095238095344e-01 8.354978354978355171e-01 9.393939393939394478e-01 9.393939393939394478e-01 9.696969696969697239e-01 8.787878787878787845e-01 9.004329004329004738e-01 9.783549783549783108e-01 9.610389610389610260e-01 8.354978354978355171e-01 8.831168831168830780e-01 9.173913043478261198e-01 9.739130434782609091e-01
9.494949494949495028e-01 9.696969696969697239e-01 8.383838383838383423e-01 9.494949494949495028e-01 8.888888888888888395e-01 8.686868686868687295e-01 8.787878787878787845e-01 8.787878787878787845e-01 8.888888888888888395e-01 8.282828282828282873e-01 8.686868686868687295e-01 8.181818181818182323e-01 8.686868686868687295e-01 8.787878787878787845e-01 9.090909090909090606e-01 9.696969696969697239e-01 9.494949494949495028e-01 9.393939393939394478e-01 9.696969696969697239e-01 9.191919191919192267e-01 9.090909090909090606e-01 8.585858585858585634e-01 8.367346938775510612e-01 3.571428571428571508e-01
6.833333333333333481e-01 7.750000000000000222e-01 6.999999999999999556e-01 4.583333333333333148e-01 8.083333333333333481e-01 6.166666666666666963e-01 6.583333333333333259e-01 6.583333333333333259e-01 5.250000000000000222e-01 8.000000000000000444e-01 7.916666666666666297e-01 7.750000000000000222e-01 6.500000000000000222e-01 7.833333333333333259e-01 7.333333333333332815e-01 7.666666666666667185e-01 7.083333333333333703e-01 7.416666666666666963e-01 8.249999999999999556e-01 7.916666666666666297e-01 6.999999999999999556e-01 7.249999999999999778e-01 7.053571428571429047e-01 2.678571428571428492e-01
9.313725490196078649e-01 9.705882352941176405e-01 9.313725490196078649e-01 8.627450980392157298e-01 9.509803921568626972e-01 7.941176470588234837e-01 9.313725490196078649e-01 9.313725490196078649e-01 9.215686274509803377e-01 8.333333333333333703e-01 9.607843137254902244e-01 9.117647058823529216e-01 9.019607843137255054e-01 9.313725490196078649e-01 9.313725490196078649e-01 9.411764705882352811e-01 8.725490196078431460e-01 9.019607843137255054e-01 9.705882352941176405e-01 9.705882352941176405e-01 8.529411764705882026e-01 9.705882352941176405e-01 1.000000000000000000e+00 9.607843137254902244e-01
8.750000000000000000e-01 8.666666666666666963e-01 8.416666666666666741e-01 6.583333333333333259e-01 9.333333333333333481e-01 9.583333333333333703e-01 8.083333333333333481e-01 8.083333333333333481e-01 8.249999999999999556e-01 7.666666666666667185e-01 9.749999999999999778e-01 9.333333333333333481e-01 7.916666666666666297e-01 8.333333333333333703e-01 8.833333333333333037e-01 8.750000000000000000e-01 8.499999999999999778e-01 8.499999999999999778e-01 9.583333333333333703e-01 9.916666666666666963e-01 9.749999999999999778e-01 9.666666666666666741e-01 9.833333333333332815e-01 9.166666666666666297e-01
9.629629629629629095e-01 9.382716049382715529e-01 6.172839506172839164e-01 6.049382716049382935e-01 7.654320987654320563e-01 8.024691358024691468e-01 7.160493827160493430e-01 7.160493827160493430e-01 9.753086419753086433e-01 5.185185185185184897e-01 8.271604938271605034e-01 6.049382716049382935e-01 6.049382716049382935e-01 6.296296296296296502e-01 7.160493827160493430e-01 6.419753086419752730e-01 5.432098765432098464e-01 5.432098765432098464e-01 9.876543209876542662e-01 7.777777777777777901e-01 7.160493827160493430e-01 8.395061728395061262e-01 9.749999999999999778e-01 9.499999999999999556e-01
8.800000000000000044e-01 8.599999999999999867e-01 7.399999999999999911e-01 6.800000000000000488e-01 8.399999999999999689e-01 9.000000000000000222e-01 8.800000000000000044e-01 8.800000000000000044e-01 9.200000000000000400e-01 6.999999999999999556e-01 8.599999999999999867e-01 5.999999999999999778e-01 8.800000000000000044e-01 7.399999999999999911e-01 7.600000000000000089e-01 8.199999999999999512e-01 6.199999999999999956e-01 7.199999999999999734e-01 9.799999999999999822e-01 8.399999999999999689e-01 8.399999999999999689e-01 8.399999999999999689e-01 9.795918367346938549e-01 8.979591836734693855e-01
9.333333333333333481e-01 1.000000000000000000e+00 7.166666666666666741e-01 6.666666666666666297e-01 1.000000000000000000e+00 9.000000000000000222e-01 7.500000000000000000e-01 7.500000000000000000e-01 1.000000000000000000e+00 6.833333333333333481e-01 8.333333333333333703e-01 7.500000000000000000e-01 7.833333333333333259e-01 9.333333333333333481e-01 7.500000000000000000e-01 7.666666666666667185e-01 6.833333333333333481e-01 6.999999999999999556e-01 1.000000000000000000e+00 9.666666666666666741e-01 9.666666666666666741e-01 1.000000000000000000e+00 1.000000000000000000e+00 4.000000000000000222e-01
1.000000000000000000e+00 1.000000000000000000e+00 8.205128205128204844e-01 9.059829059829059839e-01 1.000000000000000000e+00 9.145299145299145005e-01 9.316239316239316448e-01 9.401709401709401615e-01 9.401709401709401615e-01 9.829059829059828557e-01 9.572649572649573058e-01 8.717948717948718063e-01 9.230769230769231282e-01 9.316239316239316448e-01 9.487179487179486781e-01 9.829059829059828557e-01 9.829059829059828557e-01 9.914529914529914834e-01 1.000000000000000000e+00 9.487179487179486781e-01 9.914529914529914834e-01 9.914529914529914834e-01 1.000000000000000000e+00 9.913793103448276245e-01
7.680000000000000160e-01 9.200000000000000400e-01 3.679999999999999938e-01 3.360000000000000209e-01 9.919999999999999929e-01 6.480000000000000204e-01 5.200000000000000178e-01 5.200000000000000178e-01 7.520000000000000018e-01 6.400000000000000133e-01 9.519999999999999574e-01 4.480000000000000093e-01 5.280000000000000249e-01 4.879999999999999893e-01 5.040000000000000036e-01 5.520000000000000462e-01 6.320000000000000062e-01 5.600000000000000533e-01 8.399999999999999689e-01 9.120000000000000329e-01 9.919999999999999929e-01 1.000000000000000000e+00 8.960000000000000187e-01 9.839999999999999858e-01
5.669642857142856984e-01 6.964285714285713969e-01 6.562500000000000000e-01 5.669642857142856984e-01 7.410714285714286031e-01 5.892857142857143016e-01 7.008928571428570953e-01 7.008928571428570953e-01 5.312500000000000000e-01 6.428571428571429047e-01 7.678571428571429047e-01 6.517857142857143016e-01 7.053571428571429047e-01 6.741071428571429047e-01 7.053571428571429047e-01 7.232142857142856984e-01 6.651785714285713969e-01 7.276785714285713969e-01 7.812500000000000000e-01 7.678571428571429047e-01 6.116071428571429047e-01 7.321428571428570953e-01 6.636771300448430777e-01 7.354260089686098789e-01
5.133928571428570953e-01 5.803571428571429047e-01 5.000000000000000000e-01 4.687500000000000000e-01 6.160714285714286031e-01 5.491071428571429047e-01 5.937500000000000000e-01 5.982142857142856984e-01 4.553571428571428492e-01 5.937500000000000000e-01 6.339285714285713969e-01 4.955357142857143016e-01 6.160714285714286031e-01 6.473214285714286031e-01 5.937500000000000000e-01 6.205357142857143016e-01 5.446428571428570953e-01 5.758928571428570953e-01 6.875000000000000000e-01 6.071428571428570953e-01 4.330357142857143016e-01 6.339285714285713969e-01 6.188340807174887992e-01 6.322869955156951161e-01
4.821428571428571508e-01 6.205357142857143016e-01 5.892857142857143016e-01 5.089285714285713969e-01 6.473214285714286031e-01 6.071428571428570953e-01 6.562500000000000000e-01 6.517857142857143016e-01 6.205357142857143016e-01 6.205357142857143016e-01 6.383928571428570953e-01 6.205357142857143016e-01 5.669642857142856984e-01 6.473214285714286031e-01 6.651785714285713969e-01 6.830357142857143016e-01 6.116071428571429047e-01 6.383928571428570953e-01 7.589285714285713969e-01 6.964285714285713969e-01 5.133928571428570953e-01 6.428571428571429047e-01 6.367713004484304440e-01 6.905829596412556004e-01
7.098214285714286031e-01 9.464285714285713969e-01 8.526785714285713969e-01 6.830357142857143016e-01 8.750000000000000000e-01 7.991071428571429047e-01 9.330357142857143016e-01 9.330357142857143016e-01 8.303571428571429047e-01 8.839285714285713969e-01 9.285714285714286031e-01 8.750000000000000000e-01 9.330357142857143016e-01 8.928571428571429047e-01 9.107142857142856984e-01 8.883928571428570953e-01 8.482142857142856984e-01 8.794642857142856984e-01 9.419642857142856984e-01 9.464285714285713969e-01 7.723214285714286031e-01 9.419642857142856984e-01 6.681614349775785167e-01 8.520179372197309586e-01
9.888888888888889284e-01 9.944444444444444642e-01 9.333333333333333481e-01 9.111111111111110938e-01 9.333333333333333481e-01 9.777777777777777457e-01 9.944444444444444642e-01 9.944444444444444642e-01 9.777777777777777457e-01 9.222222222222222765e-01 9.888888888888889284e-01 6.777777777777778123e-01 9.888888888888889284e-01 9.777777777777777457e-01 9.722222222222222099e-01 9.944444444444444642e-01 9.333333333333333481e-01 9.666666666666666741e-01 1.000000000000000000e+00 9.833333333333332815e-01 9.388888888888888840e-01 9.666666666666666741e-01 9.664804469273743370e-01 9.944134078212290007e-01
9.411764705882352811e-01 8.235294117647058432e-01 7.647058823529411242e-01 7.647058823529411242e-01 7.058823529411765163e-01 7.352941176470588758e-01 7.352941176470588758e-01 7.352941176470588758e-01 7.352941176470588758e-01 8.823529411764705621e-01 7.352941176470588758e-01 5.882352941176470784e-01 7.058823529411765163e-01 7.352941176470588758e-01 7.352941176470588758e-01 8.823529411764705621e-01 8.529411764705882026e-01 8.823529411764705621e-01 8.823529411764705621e-01 7.352941176470588758e-01 7.647058823529411242e-01 7.647058823529411242e-01 4.848484848484848619e-01 5.151515151515151381e-01
5.401459854014598605e-01 6.204379562043795815e-01 2.189781021897810320e-01 3.065693430656934448e-01 6.204379562043795815e-01 5.401459854014598605e-01 6.131386861313868897e-01 6.131386861313868897e-01 4.452554744525547559e-01 4.744525547445255231e-01 7.445255474452554534e-01 4.671532846715328313e-01 6.058394160583941979e-01 5.912408759124088142e-01 5.109489051094890932e-01 5.401459854014598605e-01 4.671532846715328313e-01 5.182481751824817851e-01 5.620437956204379359e-01 6.277372262773722733e-01 4.963503649635036541e-01 6.569343065693430406e-01 5.111111111111110716e-01 5.629629629629629983e-01
5.316455696202531112e-01 6.582278481012657778e-01 4.303797468354430555e-01 3.544303797468354444e-01 4.810126582278481111e-01 4.683544303797468333e-01 3.291139240506328889e-01 3.291139240506328889e-01 4.810126582278481111e-01 2.405063291139240556e-01 5.949367088607594445e-01 2.151898734177215278e-01 4.430379746835442778e-01 4.556962025316455556e-01 5.063291139240506666e-01 4.556962025316455556e-01 2.784810126582278333e-01 3.164556962025316666e-01 6.202531645569620000e-01 5.569620253164556667e-01 4.556962025316455556e-01 5.316455696202531112e-01 6.363636363636363535e-01 5.324675324675324228e-01
5.512820512820513219e-01 7.051282051282051766e-01 5.769230769230768718e-01 5.512820512820513219e-01 5.897435897435897578e-01 6.282051282051281937e-01 5.641025641025640969e-01 5.641025641025640969e-01 6.282051282051281937e-01 5.897435897435897578e-01 6.153846153846154188e-01 5.641025641025640969e-01 5.641025641025640969e-01 5.897435897435897578e-01 5.897435897435897578e-01 5.641025641025640969e-01 6.025641025641025328e-01 6.282051282051281937e-01 8.076923076923077094e-01 5.769230769230768718e-01 4.487179487179487336e-01 6.538461538461538547e-01 6.883116883116883189e-01 8.311688311688312236e-01
8.072289156626506479e-01 8.795180722891565717e-01 5.060240963855421326e-01 7.289156626506023695e-01 8.012048192771084043e-01 7.951807228915662717e-01 8.433734939759036653e-01 8.373493975903614217e-01 7.048192771084337283e-01 7.048192771084337283e-01 8.554216867469879304e-01 5.120481927710843761e-01 8.433734939759036653e-01 8.493975903614457978e-01 8.554216867469879304e-01 8.855421686746988152e-01 6.867469879518072196e-01 8.253012048192771566e-01 8.795180722891565717e-01 9.036144578313253239e-01 7.891566265060241392e-01 8.192771084337349130e-01 7.212121212121211933e-01 8.424242424242424088e-01
5.333333333333333259e-01 6.500000000000000222e-01 5.000000000000000000e-01 4.333333333333333481e-01 4.666666666666666741e-01 5.166666666666667185e-01 3.833333333333333592e-01 3.833333333333333592e-01 6.666666666666666297e-01 3.666666666666666408e-01 5.000000000000000000e-01 5.666666666666666519e-01 5.000000000000000000e-01 3.833333333333333592e-01 6.333333333333333037e-01 5.999999999999999778e-01 6.166666666666666963e-01 5.333333333333333259e-01 6.500000000000000222e-01 5.166666666666667185e-01 4.666666666666666741e-01 3.833333333333333592e-01 6.999999999999999556e-01 2.333333333333333370e-01
9.444444444444444198e-01 1.000000000000000000e+00 8.518518518518518601e-01 9.444444444444444198e-01 9.259259259259259300e-01 9.444444444444444198e-01 9.259259259259259300e-01 9.259259259259259300e-01 8.518518518518518601e-01 1.000000000000000000e+00 8.888888888888888395e-01 1.000000000000000000e+00 9.814814814814815103e-01 9.814814814814815103e-01 1.000000000000000000e+00 1.000000000000000000e+00 1.000000000000000000e+00 1.000000000000000000e+00 9.259259259259259300e-01 1.000000000000000000e+00 9.074074074074074403e-01 9.814814814814815103e-01 1.000000000000000000e+00 3.333333333333333148e-01
8.493150684931506378e-01 9.589041095890410427e-01 1.000000000000000000e+00 1.000000000000000000e+00 9.863013698630136439e-01 9.863013698630136439e-01 9.863013698630136439e-01 9.726027397260273988e-01 9.726027397260273988e-01 1.000000000000000000e+00 9.589041095890410427e-01 9.863013698630136439e-01 9.863013698630136439e-01 9.863013698630136439e-01 1.000000000000000000e+00 1.000000000000000000e+00 1.000000000000000000e+00 1.000000000000000000e+00 9.863013698630136439e-01 9.589041095890410427e-01 9.726027397260273988e-01 9.863013698630136439e-01 1.000000000000000000e+00 1.000000000000000000e+00
3.931034482758620774e-01 6.482758620689654805e-01 4.482758620689655249e-01 4.620689655172413590e-01 5.931034482758620330e-01 5.586206896551724199e-01 5.931034482758620330e-01 5.931034482758620330e-01 4.413793103448275801e-01 2.896551724137931272e-01 5.034482758620689724e-01 4.965517241379310276e-01 4.344827586206896353e-01 6.620689655172413701e-01 5.724137931034483096e-01 5.448275862068965303e-01 4.758620689655172487e-01 4.758620689655172487e-01 6.344827586206897019e-01 6.275862068965517571e-01 5.931034482758620330e-01 5.931034482758620330e-01 4.791666666666666852e-01 7.291666666666666297e-01
3.724137931034482984e-01 5.793103448275862544e-01 3.586206896551724088e-01 3.448275862068965747e-01 3.931034482758620774e-01 3.724137931034482984e-01 3.931034482758620774e-01 3.931034482758620774e-01 5.586206896551724199e-01 4.827586206896551935e-01 2.965517241379310165e-01 4.137931034482758563e-01 4.758620689655172487e-01 5.241379310344828069e-01 5.034482758620689724e-01 5.379310344827585855e-01 4.551724137931034697e-01 4.551724137931034697e-01 7.172413793103448176e-01 5.931034482758620330e-01 5.793103448275862544e-01 4.758620689655172487e-01 3.541666666666666852e-01 6.250000000000000000e-01
9.933333333333332904e-01 9.799999999999999822e-01 8.066666666666666430e-01 9.066666666666666208e-01 9.266666666666666385e-01 8.599999999999999867e-01 8.399999999999999689e-01 8.399999999999999689e-01 1.000000000000000000e+00 9.933333333333332904e-01 9.266666666666666385e-01 7.933333333333333348e-01 8.733333333333332948e-01 8.133333333333333526e-01 9.533333333333333659e-01 1.000000000000000000e+00 9.933333333333332904e-01 9.933333333333332904e-01 1.000000000000000000e+00 9.933333333333332904e-01 9.266666666666666385e-01 9.599999999999999645e-01 1.000000000000000000e+00 1.000000000000000000e+00
1.000000000000000000e+00 9.930555555555555802e-01 7.291666666666666297e-01 9.027777777777777901e-01 8.958333333333333703e-01 7.569444444444444198e-01 7.569444444444444198e-01 7.569444444444444198e-01 1.000000000000000000e+00 9.722222222222222099e-01 8.819444444444444198e-01 7.361111111111111605e-01 8.194444444444444198e-01 7.430555555555555802e-01 9.513888888888888395e-01 1.000000000000000000e+00 9.930555555555555802e-01 9.861111111111111605e-01 1.000000000000000000e+00 1.000000000000000000e+00 9.305555555555555802e-01 9.166666666666666297e-01 5.804195804195804165e-01 6.013986013986013512e-01
1.000000000000000000e+00 1.000000000000000000e+00 8.901098901098900562e-01 9.560439560439560891e-01 9.670329670329670391e-01 1.000000000000000000e+00 1.000000000000000000e+00 1.000000000000000000e+00 8.901098901098900562e-01 8.791208791208791062e-01 1.000000000000000000e+00 6.813186813186813406e-01 1.000000000000000000e+00 1.000000000000000000e+00 9.890109890109890500e-01 9.560439560439560891e-01 8.241758241758241343e-01 8.791208791208791062e-01 9.560439560439560891e-01 1.000000000000000000e+00 1.000000000000000000e+00 9.780219780219779890e-01 1.000000000000000000e+00 6.555555555555555580e-01
9.670329670329670391e-01 9.890109890109890500e-01 8.901098901098900562e-01 9.010989010989011172e-01 9.890109890109890500e-01 9.890109890109890500e-01 9.890109890109890500e-01 9.890109890109890500e-01 9.450549450549450281e-01 9.560439560439560891e-01 9.780219780219779890e-01 6.263736263736263687e-01 9.890109890109890500e-01 1.000000000000000000e+00 9.780219780219779890e-01 1.000000000000000000e+00 9.670329670329670391e-01 9.780219780219779890e-01 9.890109890109890500e-01 9.890109890109890500e-01 9.670329670329670391e-01 9.890109890109890500e-01 9.777777777777777457e-01 1.000000000000000000e+00
9.560439560439560891e-01 1.000000000000000000e+00 1.000000000000000000e+00 9.890109890109890500e-01 1.000000000000000000e+00 1.000000000000000000e+00 1.000000000000000000e+00 1.000000000000000000e+00 8.681318681318681563e-01 1.000000000000000000e+00 1.000000000000000000e+00 1.000000000000000000e+00 1.000000000000000000e+00 1.000000000000000000e+00 1.000000000000000000e+00 1.000000000000000000e+00 1.000000000000000000e+00 1.000000000000000000e+00 9.560439560439560891e-01 1.000000000000000000e+00 1.000000000000000000e+00 1.000000000000000000e+00 1.000000000000000000e+00 1.000000000000000000e+00
8.541666666666666297e-01 9.791666666666666297e-01 7.916666666666666297e-01 7.291666666666666297e-01 9.791666666666666297e-01 8.333333333333333703e-01 7.291666666666666297e-01 7.291666666666666297e-01 8.750000000000000000e-01 5.625000000000000000e-01 8.333333333333333703e-01 7.083333333333333703e-01 7.083333333333333703e-01 8.541666666666666297e-01 7.708333333333333703e-01 7.916666666666666297e-01 6.875000000000000000e-01 7.500000000000000000e-01 9.791666666666666297e-01 8.541666666666666297e-01 8.333333333333333703e-01 9.583333333333333703e-01 9.787234042553191182e-01 8.085106382978722861e-01
8.253968253968253510e-01 1.000000000000000000e+00 1.000000000000000000e+00 9.682539682539682557e-01 1.000000000000000000e+00 1.000000000000000000e+00 1.000000000000000000e+00 1.000000000000000000e+00 9.206349206349205838e-01 1.000000000000000000e+00 1.000000000000000000e+00 1.000000000000000000e+00 1.000000000000000000e+00 1.000000000000000000e+00 1.000000000000000000e+00 1.000000000000000000e+00 1.000000000000000000e+00 1.000000000000000000e+00 9.523809523809523281e-01 1.000000000000000000e+00 1.000000000000000000e+00 1.000000000000000000e+00 1.000000000000000000e+00 5.161290322580645018e-01
9.012345679012345734e-01 1.000000000000000000e+00 1.000000000000000000e+00 1.000000000000000000e+00 1.000000000000000000e+00 1.000000000000000000e+00 1.000000000000000000e+00 1.000000000000000000e+00 9.629629629629629095e-01 1.000000000000000000e+00 1.000000000000000000e+00 1.000000000000000000e+00 1.000000000000000000e+00 1.000000000000000000e+00 1.000000000000000000e+00 1.000000000000000000e+00 1.000000000000000000e+00 1.000000000000000000e+00 1.000000000000000000e+00 1.000000000000000000e+00 1.000000000000000000e+00 1.000000000000000000e+00 1.000000000000000000e+00 1.000000000000000000e+00
6.850393700787401619e-01 8.897637795275590289e-01 7.874015748031496509e-01 7.480314960629921295e-01 7.795275590551180578e-01 7.795275590551180578e-01 8.661417322834645827e-01 8.661417322834645827e-01 8.661417322834645827e-01 8.267716535433070613e-01 8.582677165354331006e-01 7.874015748031496509e-01 8.503937007874016185e-01 8.976377952755905110e-01 8.346456692913385433e-01 8.425196850393700254e-01 7.637795275590550936e-01 8.503937007874016185e-01 9.685039370078739607e-01 8.818897637795275468e-01 6.929133858267716439e-01 8.346456692913385433e-01 9.365079365079365115e-01 3.650793650793650591e-01
7.034482758620689280e-01 9.655172413793103869e-01 3.448275862068965469e-02 6.896551724137930939e-02 2.482758620689655138e-01 1.310344827586207017e-01 8.965517241379310220e-02 8.965517241379310220e-02 3.034482758620689613e-01 3.448275862068965469e-02 3.172413793103448509e-01 8.965517241379310220e-02 8.965517241379310220e-02 1.310344827586207017e-01 1.379310344827586188e-01 1.310344827586207017e-01 1.103448275862068950e-01 1.172413793103448260e-01 9.586206896551724421e-01 2.896551724137931272e-01 2.206896551724137900e-01 2.137931034482758730e-01 2.419354838709677352e-02 5.645161290322580488e-02
8.413793103448276023e-01 9.862068965517241104e-01 4.137931034482758563e-02 8.275862068965517127e-02 5.448275862068965303e-01 1.931034482758620663e-01 2.827586206896551824e-01 2.827586206896551824e-01 5.172413793103448620e-01 3.448275862068965469e-02 6.758620689655172598e-01 5.517241379310344751e-02 2.206896551724137900e-01 4.482758620689655249e-01 2.551724137931034586e-01 2.896551724137931272e-01 2.551724137931034586e-01 2.620689655172414034e-01 8.758620689655172153e-01 2.965517241379310165e-01 4.758620689655172487e-01 4.965517241379310276e-01 2.419354838709677491e-01 1.532258064516129059e-01
8.068965517241378782e-01 9.724137931034482207e-01 7.586206896551724033e-02 6.896551724137930939e-02 4.000000000000000222e-01 2.896551724137931272e-01 1.724137931034482873e-01 1.724137931034482873e-01 3.586206896551724088e-01 4.827586206896551657e-02 6.068965517241379226e-01 5.517241379310344751e-02 1.862068965517241492e-01 2.068965517241379282e-01 1.586206896551724255e-01 1.862068965517241492e-01 1.448275862068965636e-01 1.310344827586207017e-01 8.827586206896551602e-01 1.586206896551724255e-01 5.379310344827585855e-01 2.275862068965517349e-01 8.870967741935484319e-02 7.258064516129032473e-01
7.361111111111111605e-01 8.472222222222222099e-01 9.722222222222222099e-01 9.583333333333333703e-01 8.472222222222222099e-01 9.583333333333333703e-01 9.861111111111111605e-01 9.861111111111111605e-01 8.750000000000000000e-01 9.722222222222222099e-01 9.444444444444444198e-01 9.583333333333333703e-01 9.583333333333333703e-01 9.444444444444444198e-01 9.861111111111111605e-01 9.722222222222222099e-01 9.861111111111111605e-01 9.305555555555555802e-01 9.027777777777777901e-01 1.000000000000000000e+00 8.194444444444444198e-01 9.027777777777777901e-01 5.000000000000000000e-01 9.722222222222222099e-01
9.000000000000000222e-01 8.666666666666666963e-01 6.333333333333333037e-01 8.000000000000000444e-01 5.666666666666666519e-01 6.999999999999999556e-01 8.666666666666666963e-01 8.666666666666666963e-01 7.666666666666667185e-01 2.666666666666666630e-01 8.000000000000000444e-01 5.999999999999999778e-01 8.333333333333333703e-01 7.666666666666667185e-01 7.666666666666667185e-01 9.000000000000000222e-01 9.333333333333333481e-01 8.333333333333333703e-01 8.666666666666666963e-01 7.666666666666667185e-01 8.000000000000000444e-01 8.666666666666666963e-01 3.928571428571428492e-01 1.785714285714285754e-01
6.777777777777778123e-01 8.111111111111111160e-01 5.222222222222222543e-01 7.111111111111111382e-01 7.666666666666667185e-01 8.444444444444444420e-01 8.777777777777777679e-01 8.777777777777777679e-01 8.888888888888888395e-01 4.555555555555555469e-01 7.888888888888888618e-01 6.555555555555555580e-01 7.444444444444444642e-01 7.444444444444444642e-01 7.444444444444444642e-01 8.777777777777777679e-01 6.999999999999999556e-01 6.333333333333333037e-01 8.444444444444444420e-01 8.444444444444444420e-01 8.111111111111111160e-01 8.444444444444444420e-01 6.111111111111111605e-01 6.444444444444444864e-01
2.999999999999999889e-01 5.333333333333333259e-01 4.111111111111110938e-01 3.333333333333333148e-01 5.777777777777777235e-01 6.333333333333333037e-01 5.000000000000000000e-01 5.000000000000000000e-01 4.000000000000000222e-01 3.888888888888888951e-01 5.222222222222222543e-01 4.666666666666666741e-01 5.111111111111110716e-01 4.666666666666666741e-01 4.666666666666666741e-01 4.666666666666666741e-01 4.888888888888888729e-01 5.222222222222222543e-01 5.666666666666666519e-01 6.888888888888888840e-01 6.444444444444444864e-01 7.111111111111111382e-01 2.444444444444444364e-01 2.222222222222222099e-01
5.777777777777777235e-01 7.333333333333332815e-01 4.222222222222222210e-01 3.444444444444444420e-01 7.111111111111111382e-01 7.333333333333332815e-01 7.666666666666667185e-01 7.666666666666667185e-01 6.888888888888888840e-01 5.333333333333333259e-01 6.888888888888888840e-01 4.000000000000000222e-01 5.444444444444443976e-01 6.222222222222222321e-01 5.000000000000000000e-01 6.666666666666666297e-01 5.888888888888889062e-01 4.666666666666666741e-01 7.777777777777777901e-01 7.888888888888888618e-01 8.111111111111111160e-01 8.000000000000000444e-01 4.666666666666666741e-01 4.444444444444444198e-01
3.666666666666666408e-01 3.666666666666666408e-01 1.000000000000000000e+00 9.000000000000000222e-01 8.666666666666666963e-01 8.833333333333333037e-01 8.833333333333333037e-01 8.833333333333333037e-01 5.999999999999999778e-01 8.333333333333333703e-01 9.666666666666666741e-01 1.000000000000000000e+00 8.833333333333333037e-01 8.166666666666666519e-01 9.833333333333332815e-01 9.666666666666666741e-01 8.666666666666666963e-01 8.499999999999999778e-01 9.000000000000000222e-01 9.499999999999999556e-01 8.000000000000000444e-01 8.666666666666666963e-01 1.000000000000000000e+00 3.333333333333333148e-01
9.259259259259259300e-01 9.259259259259259300e-01 5.925925925925925597e-01 8.333333333333333703e-01 8.333333333333333703e-01 7.407407407407406996e-01 7.407407407407406996e-01 7.407407407407406996e-01 9.444444444444444198e-01 7.962962962962962798e-01 6.296296296296296502e-01 9.444444444444444198e-01 6.851851851851852304e-01 8.703703703703703498e-01 8.888888888888888395e-01 1.000000000000000000e+00 8.888888888888888395e-01 9.074074074074074403e-01 9.259259259259259300e-01 9.629629629629629095e-01 7.962962962962962798e-01 9.444444444444444198e-01 6.666666666666666297e-01 3.703703703703703498e-01
3.733333333333333504e-01 5.116666666666667140e-01 5.383333333333333304e-01 5.283333333333333215e-01 5.966666666666666785e-01 5.566666666666666430e-01 6.133333333333332860e-01 6.183333333333332904e-01 4.899999999999999911e-01 5.899999999999999689e-01 6.066666666666666874e-01 5.383333333333333304e-01 5.766666666666666607e-01 6.166666666666666963e-01 6.350000000000000089e-01 6.533333333333333215e-01 6.133333333333332860e-01 6.099999999999999867e-01 6.250000000000000000e-01 6.366666666666667140e-01 5.150000000000000133e-01 5.799999999999999600e-01 4.249999999999999889e-01 6.483333333333333171e-01
5.643564356435643026e-01 4.554455445544554615e-01 3.762376237623762387e-01 2.376237623762376128e-01 3.069306930693069257e-01 3.069306930693069257e-01 3.168316831683168355e-01 3.168316831683168355e-01 4.554455445544554615e-01 4.158415841584158223e-01 2.475247524752475226e-01 2.871287128712871062e-01 3.267326732673267453e-01 2.970297029702970160e-01 3.465346534653465094e-01 6.138613861386138515e-01 5.940594059405940319e-01 5.940594059405940319e-01 7.128712871287128383e-01 4.851485148514851353e-01 2.970297029702970160e-01 3.366336633663366551e-01 2.500000000000000000e-01 2.500000000000000000e-01
7.074829931972789199e-01 8.979591836734693855e-01 7.959183673469387710e-01 7.210884353741496833e-01 8.095238095238095344e-01 8.027210884353741527e-01 8.435374149659864429e-01 8.435374149659864429e-01 8.163265306122449161e-01 7.414965986394558284e-01 8.639455782312924770e-01 7.959183673469387710e-01 7.959183673469387710e-01 8.435374149659864429e-01 8.095238095238095344e-01 8.367346938775510612e-01 7.891156462585033893e-01 8.435374149659864429e-01 9.455782312925170574e-01 8.435374149659864429e-01 7.142857142857143016e-01 8.095238095238095344e-01 9.315068493150684414e-01 8.561643835616438158e-01
