5.916112529999999481e-01 7.494117649999999520e-01 4.965728899999999890e-01 4.929156010000000365e-01 6.681841429999999527e-01 6.674680309999999617e-01 6.153964189999999723e-01 6.283120199999999711e-01 5.553452399999999622e-01 7.286700770000000826e-01 6.359335040000000383e-01 5.445012790000000047e-01 6.172890030000000028e-01 6.273913039999999830e-01 6.468030689999999527e-01 7.536317140000000636e-01 4.101790279999999456e-01 7.347314579999999484e-01 7.683887470000000386e-01 7.071867009999999176e-01 6.390025579999999428e-01 6.166240410000000116e-01 8.154305200341006588e-01 8.220801359999999613e-01
7.670857140000000296e-01 8.751999999999999780e-01 7.058285709999999602e-01 6.383999999999999675e-01 8.380571430000000044e-01 8.204571429999999443e-01 8.288571430000000184e-01 8.305714290000000277e-01 6.754857199999999562e-01 7.877714290000000785e-01 8.146285709999999680e-01 6.733714290000000213e-01 8.407999999999999918e-01 8.291428570000000109e-01 7.752000000000000002e-01 7.892571429999999388e-01 8.118285709999999433e-01 8.074857140000000211e-01 8.511428570000000304e-01 7.893714290000000133e-01 8.021142859999998986e-01 8.112571429999999584e-01 8.586666666666664671e-01 8.803809519999999944e-01
5.030000000000000027e-01 6.149999999999999911e-01 5.073333329999999419e-01 4.926666670000000026e-01 5.566666670000000039e-01 5.456666669999999941e-01 5.316666669999999817e-01 5.340000000000000302e-01 5.020000500000000310e-01 7.393333329999999259e-01 4.739999999999999769e-01 5.063333329999999410e-01 5.326666669999999826e-01 5.306666669999999808e-01 5.986666670000000412e-01 8.186666670000000146e-01 7.369999999999999885e-01 7.659999999999999032e-01 7.356666670000000519e-01 6.476666670000000847e-01 4.829999999999999849e-01 5.243333329999999570e-01 6.766666666666665275e-01 6.822222220000000448e-01
8.449999999999999734e-01 9.485000000000000098e-01 7.429999999999999938e-01 6.875000000000000000e-01 8.109999999999999432e-01 8.109999999999999432e-01 7.854999999999999760e-01 7.445000000000000506e-01 7.954999999999999849e-01 7.640000000000000124e-01 7.934999999999999831e-01 7.459999999999999964e-01 6.859999999999999432e-01 8.059999999999999387e-01 7.564999999999999503e-01 7.909999999999999254e-01 7.624999999999999556e-01 7.690000000000000169e-01 8.745000000000000551e-01 8.425000000000000266e-01 7.870000000000000329e-01 8.040000000000000480e-01 8.533333333333332771e-01 8.933333329999999517e-01
8.519999999999999796e-01 9.840000000000000968e-01 7.514999999999999458e-01 7.455000000000000515e-01 8.405000000000000249e-01 8.309999999999999609e-01 8.229999999999999538e-01 7.800000000000000266e-01 8.619999999999999885e-01 7.085000000000000187e-01 8.659999999999999920e-01 6.284999999999999476e-01 6.929999999999999494e-01 8.485000000000000320e-01 7.720000000000000195e-01 7.475000000000000533e-01 6.820000000000000506e-01 7.445000000000000506e-01 9.270000000000000462e-01 8.385000000000000231e-01 8.649999999999999911e-01 8.309999999999999609e-01 9.449999999999999512e-01 9.516666670000000217e-01
8.183333329999999961e-01 8.549999999999999822e-01 6.101666669999999959e-01 5.614999999999999991e-01 7.315000000000000391e-01 7.099999999999999645e-01 7.141666669999999773e-01 7.584999999999999520e-01 7.364999800000000540e-01 7.804999999999999716e-01 8.406666670000000341e-01 5.803333330000000068e-01 7.240000000000000879e-01 7.141666669999999773e-01 6.923333329999999952e-01 7.883333329999999695e-01 7.583333329999999428e-01 7.761666670000000323e-01 9.018333330000000148e-01 7.583333329999999428e-01 8.093333329999999881e-01 7.195000000000000284e-01 9.083333333333336590e-01 9.011111109999999647e-01
9.627999999999999892e-01 9.980666670000000185e-01 8.684555559999999064e-01 7.339222220000000130e-01 9.929888890000000412e-01 9.611777779999999272e-01 9.741111109999999185e-01 9.782333329999999272e-01 9.240111100000000244e-01 8.676777780000000106e-01 9.721777779999999369e-01 8.596888890000000671e-01 8.703888890000001100e-01 9.843555559999999094e-01 9.001777779999999840e-01 8.976444440000000968e-01 8.937222220000000661e-01 8.961000000000000076e-01 9.856111109999999842e-01 9.577111109999999483e-01 9.751777779999999396e-01 9.934555559999999064e-01 9.882222222222220021e-01 9.961111109999999380e-01
6.357812499999999645e-01 6.595703130000000192e-01 5.938489579999999268e-01 6.737057290000000309e-01 7.002031250000000373e-01 7.028958330000000254e-01 6.506874999999999742e-01 6.640807290000000362e-01 5.658333999999999309e-01 8.699739579999999917e-01 6.258567710000000339e-01 4.022864579999999579e-01 6.519583329999999455e-01 6.488125000000000142e-01 7.111145829999999668e-01 8.456770829999999961e-01 5.868385420000000741e-01 9.041067709999999202e-01 6.820625000000000160e-01 7.188151040000000380e-01 6.491223959999999904e-01 6.483281250000000329e-01 8.410069444444446818e-01 8.636111109999999869e-01
7.161014490000000565e-01 9.003879370000000826e-01 8.030434779999999773e-01 6.043985510000000616e-01 7.308768119999999868e-01 8.197028990000000404e-01 9.275289859999998887e-01 8.987246380000000201e-01 7.409782499999999494e-01 4.616956520000000119e-01 9.354855069999999939e-01 8.473405800000000099e-01 8.912826090000001145e-01 9.542608700000000388e-01 7.306159420000000182e-01 7.120072459999999825e-01 4.621739129999999918e-01 6.570434779999999586e-01 9.182681159999999121e-01 9.737415759999998865e-01 8.458768119999999779e-01 9.084637679999999493e-01 7.678743961352657577e-01 8.321256040000000187e-01
9.435714290000000171e-01 9.885714290000000570e-01 9.614285709999998986e-01 8.853571430000000131e-01 9.860714290000001103e-01 9.753571429999999820e-01 9.810714290000001059e-01 9.810714290000001059e-01 9.171428299999999645e-01 9.996428569999999958e-01 9.453571429999999554e-01 9.535714290000000259e-01 9.810714290000001059e-01 9.889285709999999785e-01 9.785714290000000481e-01 9.946428569999999914e-01 9.996428569999999958e-01 9.982142859999999507e-01 9.949999999999999956e-01 9.885714290000000570e-01 9.875000000000000444e-01 9.864285709999999208e-01 9.964285714285715523e-01 9.988095240000000041e-01
6.882399999999999629e-01 8.023200000000000331e-01 6.253999999999999559e-01 5.860800000000000454e-01 7.246000000000000218e-01 7.222800000000000331e-01 6.880800000000000249e-01 6.117600000000000815e-01 5.000000000000000000e-01 5.110399999999999388e-01 7.131600000000000161e-01 5.953600000000000003e-01 5.752399999999999736e-01 7.069600000000000328e-01 6.058799999999999741e-01 6.664800000000000724e-01 5.389199999999999546e-01 5.505200000000000093e-01 7.846400000000000041e-01 7.680799999999999850e-01 6.941199999999999593e-01 6.868400000000000061e-01 8.603999999999998316e-01 8.658666670000000343e-01
5.745128210000000069e-01 7.635641029999999940e-01 3.201282049999999990e-01 3.348717950000000276e-01 7.612564099999999945e-01 7.597435900000000242e-01 7.744102559999999080e-01 7.582820509999999015e-01 4.788461700000000154e-01 5.060256410000000260e-01 7.784358970000000433e-01 3.682051279999999926e-01 5.788461539999999461e-01 7.704102559999999045e-01 6.229999999999999982e-01 6.197692310000000315e-01 3.996923079999999961e-01 4.810256410000000038e-01 7.771025640000001067e-01 6.913846150000000357e-01 7.508974359999999182e-01 7.791282050000000181e-01 8.081196581196581352e-01 8.533333329999999162e-01
6.123846149999999655e-01 7.492564099999999838e-01 2.917692310000000178e-01 3.455384620000000462e-01 7.418717950000000005e-01 7.422051279999999363e-01 7.485384620000000711e-01 7.344358970000000042e-01 5.090256899999999751e-01 4.994102559999999968e-01 7.598717950000000165e-01 3.734871790000000025e-01 5.453076920000000660e-01 7.245128209999999180e-01 6.238461539999999861e-01 5.988974360000000052e-01 4.251538460000000019e-01 4.470512820000000498e-01 7.621794870000000444e-01 6.879487180000000146e-01 7.342564099999999705e-01 7.499743590000000903e-01 8.101709401709402680e-01 8.598290600000000339e-01
5.854615380000000036e-01 7.757179490000000177e-01 3.110256410000000193e-01 3.347435899999999798e-01 7.730512820000000618e-01 7.708974359999999360e-01 7.790256409999999354e-01 7.590512820000000493e-01 4.659999799999999803e-01 5.008717950000000085e-01 7.792564100000000105e-01 3.779999999999999472e-01 5.888974359999999963e-01 7.758461540000000101e-01 6.268974360000000301e-01 6.256923079999999748e-01 3.998717949999999743e-01 4.792307690000000009e-01 7.977812329999999230e-01 7.067179490000000674e-01 7.483589740000000656e-01 7.843846150000000073e-01 8.132478632478633562e-01 8.609401709999999763e-01
8.535294119999999873e-01 9.393790850000000026e-01 9.341176469999999954e-01 7.328758170000000405e-01 9.578431370000000111e-01 9.394444440000000451e-01 9.439542479999999403e-01 9.430065359999999508e-01 8.728757900000000403e-01 9.459803920000000588e-01 9.394444440000000451e-01 8.673202609999999257e-01 9.425490199999999597e-01 9.436601309999999021e-01 8.909477120000000028e-01 8.806535949999999557e-01 9.490522879999999661e-01 9.445098040000000639e-01 9.112091500000000233e-01 9.413071899999999603e-01 9.464705879999999460e-01 9.577450979999999614e-01 3.062091503267973525e-01 9.508714600000000017e-01
7.146014490000001107e-01 8.146014490000000885e-01 7.953985509999998982e-01 7.413768120000000517e-01 7.574275359999999013e-01 7.528985509999999159e-01 7.559057970000000459e-01 7.511594200000000221e-01 7.803260800000000330e-01 7.957971009999998957e-01 7.557971009999999712e-01 7.502898550000000055e-01 7.435869569999999928e-01 7.533333329999999384e-01 8.114492749999999699e-01 8.120289859999999527e-01 7.014130429999999583e-01 8.011956519999999804e-01 8.293478259999998992e-01 8.094565220000000672e-01 7.488405799999999779e-01 7.535507249999999768e-01 8.091787439613524757e-01 8.153381640000000319e-01
7.332374099999999784e-01 8.141007190000000282e-01 8.241726620000000558e-01 7.373381290000000643e-01 7.333093529999999971e-01 7.366906469999999763e-01 7.327338129999999561e-01 7.370503600000000155e-01 7.449640100000000098e-01 7.629496399999999845e-01 7.537410070000000184e-01 8.159712230000000233e-01 7.306474820000000703e-01 7.266187050000000314e-01 8.246762590000000781e-01 8.068345319999999932e-01 7.748920859999999244e-01 7.412949640000000562e-01 8.193525179999999741e-01 8.129496400000000289e-01 7.419424459999999222e-01 7.344604319999999964e-01 7.760191846522780379e-01 7.657074340000000756e-01
6.083453239999999651e-01 6.730215829999999233e-01 6.687050359999999749e-01 6.314388490000000242e-01 6.044604319999999920e-01 6.192086329999999528e-01 6.213669059999999966e-01 6.390647480000000158e-01 6.233094399999999924e-01 6.521582729999999550e-01 6.182733810000000663e-01 6.445323739999999635e-01 6.275539570000000511e-01 6.234532369999999935e-01 6.951798559999999849e-01 6.921582729999999906e-01 6.905035970000000800e-01 6.468345320000000731e-01 6.904316550000000330e-01 6.856834529999999983e-01 6.296402879999999369e-01 6.191366910000000168e-01 6.671462829736207745e-01 6.654676259999999788e-01
7.480575540000000689e-01 7.458992809999999141e-01 6.094964029999999644e-01 6.969784170000000723e-01 7.079136690000000787e-01 7.026618700000000217e-01 6.956834530000000072e-01 6.828776979999999774e-01 7.466182799999999675e-01 7.029496400000000422e-01 6.951079140000000489e-01 6.915827340000000323e-01 6.821582729999999817e-01 6.941007190000000326e-01 7.480575540000000689e-01 7.592086329999999661e-01 6.808633090000000276e-01 7.364028779999999275e-01 7.372661870000000173e-01 7.466906469999999851e-01 6.847482009999998898e-01 6.950359709999999192e-01 7.170263788968822549e-01 7.311750599999999878e-01
7.856999999999999540e-01 8.904999999999999583e-01 7.812000000000000055e-01 7.713999999999999746e-01 8.167999999999999705e-01 8.254000000000000226e-01 8.716000000000000414e-01 8.658000000000000140e-01 8.061000000000000387e-01 8.294000000000000261e-01 8.769000000000000128e-01 7.882000000000000117e-01 8.791999999999999815e-01 8.696000000000000396e-01 8.253000000000000336e-01 8.515000000000000346e-01 8.290999999999999481e-01 8.413000000000000478e-01 8.401999999999999469e-01 8.681999999999999718e-01 8.820000000000000062e-01 8.637000000000000233e-01 8.836666666666667114e-01 8.966666670000000838e-01
9.098155559999999697e-01 9.404933329999999314e-01 8.533511109999999400e-01 9.035555559999999264e-01 9.261466670000000345e-01 9.268266670000000484e-01 9.270555559999998918e-01 9.280177779999999599e-01 9.220577500000000093e-01 9.363333329999999899e-01 9.298155559999999875e-01 8.808177779999999402e-01 9.274399999999999311e-01 9.267711109999999808e-01 9.404200000000000337e-01 9.415888890000000400e-01 9.373088890000000895e-01 9.313377779999999495e-01 9.434466670000000166e-01 9.438888890000000087e-01 9.274444440000000345e-01 9.274866670000000424e-01 9.370222222222220898e-01 9.421185190000000986e-01
9.081533099999999914e-01 9.833449479999999410e-01 7.685365849999999943e-01 7.303716609999999498e-01 7.514285709999999341e-01 8.563995349999999895e-01 8.351916379999999585e-01 8.132288040000000828e-01 9.856097799999999909e-01 9.286178859999999480e-01 8.793844370000000188e-01 7.779442509999999755e-01 8.112195119999999759e-01 8.230545879999999759e-01 7.957375150000000064e-01 8.601277579999999645e-01 9.398722420000000799e-01 9.349825779999999531e-01 9.549709640000000332e-01 9.215679440000000833e-01 7.998606270000000462e-01 8.238095240000000707e-01 9.510259388308169859e-01 9.958575299999999908e-01
7.728764099999999582e-01 7.995348640000000673e-01 5.184360009999999797e-01 6.864725720000000031e-01 7.755362470000000119e-01 7.865516790000001146e-01 7.833290109999999640e-01 7.701530279999999618e-01 2.624968300000000143e-01 6.459434569999999987e-01 8.248385420000000634e-01 5.703371809999999709e-01 6.948541049999999997e-01 7.758189599999999464e-01 7.452301909999999863e-01 7.876189859999999099e-01 5.437582670000000729e-01 6.710245099999999630e-01 8.953585790000000433e-01 8.041836340000000360e-01 7.762728570000000383e-01 7.911943980000000209e-01 8.883802360264557718e-01 8.901698869999999930e-01
9.389349109999999277e-01 9.741775150000000494e-01 8.081715979999999355e-01 6.363550300000000437e-01 9.453431949999999695e-01 9.428224849999999879e-01 9.575088759999998977e-01 9.577751479999999651e-01 7.722958300000000165e-01 8.508698220000000534e-01 9.862426029999999955e-01 8.305325440000000947e-01 8.782011829999999408e-01 9.558402369999999815e-01 9.016863909999999205e-01 9.049881659999999828e-01 8.547100590000000775e-01 8.859408279999999580e-01 9.675798820000000022e-01 9.492958579999999369e-01 9.600177509999999748e-01 9.601420120000000447e-01 9.818540433925050381e-01 9.831952659999999566e-01
9.475000000000000089e-01 9.955681820000000792e-01 9.134090909999998953e-01 6.482954549999999649e-01 8.457954549999999738e-01 8.026136359999999081e-01 8.507954549999999783e-01 8.620454549999999605e-01 8.687500299999999509e-01 8.670454549999999649e-01 9.200000000000000400e-01 7.864772729999999212e-01 7.784090909999998864e-01 8.325000000000000178e-01 8.872727270000000388e-01 8.532954550000000360e-01 8.676136359999999659e-01 8.614772729999999878e-01 7.939772729999999834e-01 8.905681819999999860e-01 8.454545449999999462e-01 8.601136359999999037e-01 9.250000000000000444e-01 9.386363640000000563e-01
8.884341459999999246e-01 9.506000000000000005e-01 5.924146339999999400e-01 5.069219510000000373e-01 8.979073170000000381e-01 8.950097559999999897e-01 9.183707320000000784e-01 9.288390240000000686e-01 7.007463000000000442e-01 7.445512199999999581e-01 9.696292679999999331e-01 7.687121949999999870e-01 7.642292680000000171e-01 9.092146340000000215e-01 7.825560979999999223e-01 7.840975609999999429e-01 7.498878049999999629e-01 7.690878049999999577e-01 9.093268290000000587e-01 8.967756099999999453e-01 9.230975609999999554e-01 9.226780490000000556e-01 9.642601626016260585e-01 9.769593500000000041e-01
5.502197800000000472e-01 7.021978020000000376e-01 2.598021979999999842e-01 4.047032970000000174e-01 7.478681320000000188e-01 7.494285709999999323e-01 7.698461540000000047e-01 7.380219780000000229e-01 5.119340799999999581e-01 6.470989010000000041e-01 8.167252750000000283e-01 5.665934070000000489e-01 6.592747249999999504e-01 7.744835159999999830e-01 6.634065929999999334e-01 6.753186809999999207e-01 6.348874589999999873e-01 6.712087909999999713e-01 7.129890109999998948e-01 7.279999999999999805e-01 7.994945049999999664e-01 7.647472530000000157e-01 7.239560439560440708e-01 8.267399269999999856e-01
8.912571429999999184e-01 9.687428570000000683e-01 6.439428569999999796e-01 5.782857139999999507e-01 9.211428569999999816e-01 8.987428570000000061e-01 8.144000000000000128e-01 8.622857140000000919e-01 7.419428700000000321e-01 8.647428569999999759e-01 8.968571429999999678e-01 6.717142859999999382e-01 8.018857140000000827e-01 8.127999999999999670e-01 7.837714290000000750e-01 8.588000000000000078e-01 8.469714290000001089e-01 8.621714290000001002e-01 9.741650909999999275e-01 8.072000000000000286e-01 8.939428569999999796e-01 8.174285709999999927e-01 9.699047619047619362e-01 9.727619050000000378e-01
7.942424240000001134e-01 9.195378790000000579e-01 5.158787879999999770e-01 5.302348479999999808e-01 7.034090909999999308e-01 7.497727270000000832e-01 6.844696970000000436e-01 6.716893940000000507e-01 7.846364000000000116e-01 7.454696969999999867e-01 7.247272729999999497e-01 4.972348479999999515e-01 6.823106059999999307e-01 6.805833329999999570e-01 7.760681820000000508e-01 8.372348479999999205e-01 4.963560610000000151e-01 7.799318179999999989e-01 9.653560609999999320e-01 8.156060609999999933e-01 6.442045450000000173e-01 6.772651520000000369e-01 9.315151515151515182e-01 9.590404040000000130e-01
7.608796300000000290e-01 9.110370370000000495e-01 5.010370370000000184e-01 5.531728399999999990e-01 7.214938269999999765e-01 7.203703700000000376e-01 6.611851850000000086e-01 6.879999999999999449e-01 7.831975399999999699e-01 7.265432099999999949e-01 7.304567899999999669e-01 5.230493829999999233e-01 6.484320989999999840e-01 7.137283949999999599e-01 7.497160490000001065e-01 8.081851850000000281e-01 4.971234570000000463e-01 7.480370370000000158e-01 9.150864199999999560e-01 7.900987649999999807e-01 6.313703699999999586e-01 6.625432100000000490e-01 9.127983539094650656e-01 9.406584359999999867e-01
9.703333330000000201e-01 9.940666670000000149e-01 8.464000000000000412e-01 8.267333329999999592e-01 9.545333329999999838e-01 9.627333329999999689e-01 9.471333330000000217e-01 9.231333330000000004e-01 9.295999799999999924e-01 9.252000000000000224e-01 9.484000000000000208e-01 7.218666670000000174e-01 8.907333330000000160e-01 9.512000000000000455e-01 9.217333329999999325e-01 9.235999999999999766e-01 8.354666670000000517e-01 9.262000000000000233e-01 9.986666670000000634e-01 9.617333329999999680e-01 9.526000000000000023e-01 9.559333329999999407e-01 9.908888888888885971e-01 9.951111109999999371e-01
7.689523809999999626e-01 8.359999999999999654e-01 7.533333329999999384e-01 6.963809520000000530e-01 6.749523809999999902e-01 7.259999999999999787e-01 7.485714290000000659e-01 7.418095240000001089e-01 6.765714400000000239e-01 8.406666670000000341e-01 7.452380950000000448e-01 7.231428570000000278e-01 7.582857140000001106e-01 7.154285709999999021e-01 8.191428570000000020e-01 8.222857140000000564e-01 8.232380950000000031e-01 8.299999999999999600e-01 8.083809520000000415e-01 7.949523809999999857e-01 7.272380950000000288e-01 7.465714290000000641e-01 8.073015873015876309e-01 8.504761899999999653e-01
8.663810149999999766e-01 9.028110000000000301e-01 8.432702699999999885e-01 8.480810809999999034e-01 8.681081079999999339e-01 8.541621620000000581e-01 8.572702700000000009e-01 8.514864870000000696e-01 8.407567099999999627e-01 6.957528959999998985e-01 8.640000000000001013e-01 8.301621620000000368e-01 8.528378380000000147e-01 8.548648650000000293e-01 8.971891890000001091e-01 9.120810809999999602e-01 8.895675679999999197e-01 8.932972970000000457e-01 9.239189190000000051e-01 9.086216220000000732e-01 8.583243240000000274e-01 8.551891890000000718e-01 9.029729729729731869e-01 9.429729729999999366e-01
3.800324679999999566e-01 4.590056410000000198e-01 4.171753249999999857e-01 3.588311690000000054e-01 3.774350650000000140e-01 3.850000000000000089e-01 4.087337659999999984e-01 4.168181820000000370e-01 3.562987000000000237e-01 4.452922079999999672e-01 4.435389610000000093e-01 4.272402599999999828e-01 3.860714289999999660e-01 4.154220779999999724e-01 4.622402600000000139e-01 4.692857139999999649e-01 4.210714289999999971e-01 4.266233770000000258e-01 5.118506489999999909e-01 4.667532470000000377e-01 4.356493510000000180e-01 4.063311689999999921e-01 4.965367965367963321e-01 5.370129869999999972e-01
5.546875000000000000e-01 6.053125000000000311e-01 5.689062499999999467e-01 5.537499999999999645e-01 5.274999999999999689e-01 5.323437500000000044e-01 5.448437499999999600e-01 5.451562500000000089e-01 5.578125000000000444e-01 5.806249999999999467e-01 5.587499999999999689e-01 5.642187499999999911e-01 4.957812500000000067e-01 5.437499999999999556e-01 5.898437500000000000e-01 6.079687499999999467e-01 5.785937500000000178e-01 5.792187500000000044e-01 6.534321120000000649e-01 6.062499999999999556e-01 5.668750000000000178e-01 5.501562500000000133e-01 5.968750000000000444e-01 6.250000000000000000e-01
3.882727270000000397e-01 5.026909090000000191e-01 1.755636360000000229e-01 2.531272729999999860e-01 5.525272729999999299e-01 5.136363640000000119e-01 3.998181820000000219e-01 4.432363639999999938e-01 2.569272999999999696e-01 2.893818180000000129e-01 4.551454549999999766e-01 2.426727270000000047e-01 3.260909089999999844e-01 4.275818179999999469e-01 3.343636360000000196e-01 3.403454550000000189e-01 2.629272730000000169e-01 3.072727269999999677e-01 3.930181820000000492e-01 3.785090910000000197e-01 4.274363639999999576e-01 4.044909090000000096e-01 4.101212121212121642e-01 5.344242420000000493e-01
4.851717170000000023e-01 5.102525249999999568e-01 6.097171720000000850e-01 5.089494949999999740e-01 3.429999999999999716e-01 4.611616159999999964e-01 5.554141409999999723e-01 5.423333329999999730e-01 4.881363599999999914e-01 5.941161620000000587e-01 5.703989900000000501e-01 6.229141409999999768e-01 5.530555560000000037e-01 5.536212120000000292e-01 6.427575760000000527e-01 6.331313129999999179e-01 6.164545449999999649e-01 5.813838379999999306e-01 6.165353540000000354e-01 6.130050510000000230e-01 5.534040399999999860e-01 5.534646460000000046e-01 4.913804713804713620e-01 6.273569020000000496e-01
8.779786200000000429e-01 8.660058309999999482e-01 9.377065109999999093e-01 9.481243929999999542e-01 9.198736640000000353e-01 9.387657919999999878e-01 9.511564630000000076e-01 9.482701650000000537e-01 9.089990399999999804e-01 9.538969870000000295e-01 9.364042759999999799e-01 9.001068999999999320e-01 9.537220600000000381e-01 9.498056369999999804e-01 9.636054419999999787e-01 9.674732750000000214e-01 9.648590859999999214e-01 9.606413990000000069e-01 9.531195340000000460e-01 9.576482020000000039e-01 9.385714290000000126e-01 9.338872690000000754e-01 9.571104632329120454e-01 9.603498540000000583e-01
6.869866669999999953e-01 8.365866670000000616e-01 5.760266670000000477e-01 5.367466670000000661e-01 7.932824240000000415e-01 7.914666670000000126e-01 7.879999999999999227e-01 6.530666670000000451e-01 4.192264399999999780e-01 3.565066670000000548e-01 7.490666670000000193e-01 5.044266670000000508e-01 5.236533329999999431e-01 7.829866670000000806e-01 5.962399999999999922e-01 6.224533329999999420e-01 4.397600000000000398e-01 4.794399999999999773e-01 9.325066670000000668e-01 6.443733329999999926e-01 7.522399999999999087e-01 7.952533330000000067e-01 9.538666666666667515e-01 9.525333329999999821e-01
6.972131150000000499e-01 8.100000000000000533e-01 7.336065569999999925e-01 6.959016390000000163e-01 8.150819670000000183e-01 7.996721309999998972e-01 8.306557379999999213e-01 8.439344259999999043e-01 4.803275300000000025e-01 7.021311479999999827e-01 7.916393440000000226e-01 6.777049179999999895e-01 7.157377050000000018e-01 8.257377049999999885e-01 7.668852459999999649e-01 7.598360659999999767e-01 6.462295080000000080e-01 7.108196720000000690e-01 6.588524590000000014e-01 7.567213109999999521e-01 7.875409840000000550e-01 8.370491799999999483e-01 8.005464480874319166e-01 8.169398909999999736e-01
5.532876709999999809e-01 6.656164379999999214e-01 6.320547949999999471e-01 5.600000000000000533e-01 6.936986299999999828e-01 7.072602740000000221e-01 7.435616440000000216e-01 7.590410959999999152e-01 1.013694599999999946e-01 6.164383559999999651e-01 7.127397259999999068e-01 5.932876710000000164e-01 6.182191779999999248e-01 7.187671230000000078e-01 6.924657530000000172e-01 7.012328770000000322e-01 6.326027400000000522e-01 6.493150679999999397e-01 7.243835619999999809e-01 7.226027400000000211e-01 7.078082190000000162e-01 7.541095890000000246e-01 8.100456621004569202e-01 8.205479449999999453e-01
8.521961620000000348e-01 9.485946890000001019e-01 9.577611940000000379e-01 7.008230279999999590e-01 9.504562899999999814e-01 9.467889130000000097e-01 9.431769720000000579e-01 9.320426440000000312e-01 8.932451799999999720e-01 8.709040509999999014e-01 9.175181240000001015e-01 8.279019190000000972e-01 9.332835820000000560e-01 9.542260129999999840e-01 9.095479740000000923e-01 9.459616199999999475e-01 9.043582090000000795e-01 9.035565030000000109e-01 9.723496799999999940e-01 9.365313720000000286e-01 9.294968020000000664e-01 9.454243070000000193e-01 9.689694385216773842e-01 9.626012790000000319e-01
9.616666670000000305e-01 9.803333329999999179e-01 9.769999999999999796e-01 9.395000000000000018e-01 9.685000000000000275e-01 9.776666670000000448e-01 9.798333329999999730e-01 9.809999999999999831e-01 9.241666400000000392e-01 9.991666670000000083e-01 9.766666670000000439e-01 9.706666670000000385e-01 9.809999999999999831e-01 9.796666670000000465e-01 9.793333329999999171e-01 9.938333329999999854e-01 9.965000000000000524e-01 9.958333329999999872e-01 9.656666670000000341e-01 9.783333329999999162e-01 9.758333329999999695e-01 9.708333329999999650e-01 9.938888888888890438e-01 9.844444440000000851e-01
5.095263159999999791e-01 7.145789470000000199e-01 4.310921050000000032e-01 6.226710529999999189e-01 7.375131579999999465e-01 7.556315790000001087e-01 7.480526320000000506e-01 6.958552630000000017e-01 6.089737299999999909e-01 6.656973680000000115e-01 7.569473679999999538e-01 4.606973679999999960e-01 7.008026320000000364e-01 7.429473679999999414e-01 7.191710529999999491e-01 7.559473679999999529e-01 6.088289470000000092e-01 6.820789470000000465e-01 6.910657890000000414e-01 7.574342109999999684e-01 7.245526320000000853e-01 7.511447370000000623e-01 7.922368421052632392e-01 7.963596490000001138e-01
7.150171820000000844e-01 8.082130579999999842e-01 7.412371129999999475e-01 7.312371129999999386e-01 7.295189000000000812e-01 7.767353949999999951e-01 7.752920959999999306e-01 7.730584190000000522e-01 7.160824500000000370e-01 8.176632299999999631e-01 7.514089349999999445e-01 6.542955329999999847e-01 7.758075599999999516e-01 7.767010309999999862e-01 7.978350520000000445e-01 8.196219929999999376e-01 7.055670099999999945e-01 8.242268040000000351e-01 8.150515459999999601e-01 7.939518899999999935e-01 7.651546390000000253e-01 7.534020620000000390e-01 8.235967926689580221e-01 8.342497140000000311e-01
5.723376620000000248e-01 6.659740259999999967e-01 6.957792209999998922e-01 5.591558439999999575e-01 5.764935060000000444e-01 5.800649350000000037e-01 5.703896099999999914e-01 5.785714279999999432e-01 6.134417100000000289e-01 5.744155840000000346e-01 5.603896099999999825e-01 6.837012990000000956e-01 5.833766229999999275e-01 5.718831170000000519e-01 6.898701299999999703e-01 6.685714289999999949e-01 7.164935059999999467e-01 5.689610389999999462e-01 6.938961040000000136e-01 6.764935059999999112e-01 5.694155840000000302e-01 5.661688310000000390e-01 5.965367965367965875e-01 5.943722940000000232e-01
4.913636359999999925e-01 5.374025970000000374e-01 5.513636360000000458e-01 4.857792210000000388e-01 5.105844160000000409e-01 5.045454550000000316e-01 4.957792209999999922e-01 4.857142859999999951e-01 5.186364300000000371e-01 5.158441559999999981e-01 4.994155839999999680e-01 5.580519480000000199e-01 4.925324679999999455e-01 4.993506489999999798e-01 5.728571430000000131e-01 5.679220779999999413e-01 5.887662339999999439e-01 5.238961039999999736e-01 5.792857139999999516e-01 5.770129870000000327e-01 4.948701300000000192e-01 5.094805190000000206e-01 5.311688311688311792e-01 5.274891769999999758e-01
8.241773159999999931e-01 8.459984029999999544e-01 8.456469650000000282e-01 7.703594249999999866e-01 8.211182109999999312e-01 7.967891369999999807e-01 8.616533549999999542e-01 8.586102240000000885e-01 7.928114800000000129e-01 8.500159740000000630e-01 8.795607029999999993e-01 8.497364219999999913e-01 8.659824279999999153e-01 7.871805109999999717e-01 8.653993609999999226e-01 8.585782749999999464e-01 8.445367409999999797e-01 8.549760379999999937e-01 8.823402559999999895e-01 8.744089459999999647e-01 7.993450479999999470e-01 8.476757190000000497e-01 9.031150159744411043e-01 8.805644299999999536e-01
6.807022900000000432e-01 8.409058520000000092e-01 8.035114500000000159e-01 7.037455470000000268e-01 8.137146920000000172e-01 8.372620870000000437e-01 8.198117050000000017e-01 8.290992369999999889e-01 7.103766500000000539e-01 9.250890590000000469e-01 8.177760809999999880e-01 8.071043259999999275e-01 8.219541980000000247e-01 7.971552159999999443e-01 8.775623409999999680e-01 8.992315520000000451e-01 9.183562340000001045e-01 9.256793890000000191e-01 9.467684479999999292e-01 8.804580149999999827e-01 8.175521629999999984e-01 8.169414759999998887e-01 9.442239185750634922e-01 9.580831209999999265e-01
6.107633590000000057e-01 9.144223920000000838e-01 9.103895040000000716e-01 7.909567429999999622e-01 8.818422390000000277e-01 8.979304500000000466e-01 8.257760809999999951e-01 8.818829519999999977e-01 7.452468190000000048e-01 8.887888040000000434e-01 8.886615780000000075e-01 8.294300249999999597e-01 8.605699749999999870e-01 9.461279459999999419e-01 9.281323159999999017e-01 9.397048350000000161e-01 9.318879729999999251e-01 9.392010179999999986e-01 7.385547070000000325e-01 8.620865140000000260e-01 8.527888040000000114e-01 8.802748090000001024e-01 9.501102629346905859e-01 9.621882950000000267e-01
8.466666670000000394e-01 8.699999999999999956e-01 8.950000000000000178e-01 7.636666670000000767e-01 8.499999999999999778e-01 8.696666670000000599e-01 8.763333329999999366e-01 8.773333329999999375e-01 7.646666600000000535e-01 8.970000000000000195e-01 8.723333329999999330e-01 8.636666670000000545e-01 8.773333329999999375e-01 8.763333329999999366e-01 9.059999999999999165e-01 8.886666670000000767e-01 8.900000000000000133e-01 8.930000000000000160e-01 8.806666670000000696e-01 8.830000000000000071e-01 8.646666670000000554e-01 8.679999999999999938e-01 8.622222222222221122e-01 8.744444440000000984e-01
7.000413220000000214e-01 9.673966940000000569e-01 3.296280990000000077e-01 3.798347109999999915e-01 8.845041319999999985e-01 8.785537190000000107e-01 6.338429749999999752e-01 6.392148760000000429e-01 6.793388599999999888e-01 4.628512399999999971e-01 7.872314049999999952e-01 3.755371900000000207e-01 5.730991739999999890e-01 6.595041320000000207e-01 5.393388430000000122e-01 5.867355370000000292e-01 4.502479339999999608e-01 5.456198349999999975e-01 9.340909090000000248e-01 6.366115700000000155e-01 7.896694220000000097e-01 6.433057850000000188e-01 9.746556473829200984e-01 9.524793390000000359e-01
7.163170159999999731e-01 8.207575759999999887e-01 7.412470859999998885e-01 7.408158509999999142e-01 7.554661999999999766e-01 7.707692309999999436e-01 7.656876459999999440e-01 7.668065270000000710e-01 7.295221800000000201e-01 8.184149179999999912e-01 7.595221450000000374e-01 6.513170160000000264e-01 7.680419579999999691e-01 7.653613049999999918e-01 8.187995340000000510e-01 8.328088579999999297e-01 6.483566429999999547e-01 7.454661999999999678e-01 7.944988340000000981e-01 8.043240090000000064e-01 7.635081590000000196e-01 7.634965029999999375e-01 8.476689976689976147e-01 8.613442109999999152e-01
1.480116030000000193e-01 2.561867090000000124e-01 1.128691980000000039e-01 6.704113899999999959e-02 2.598364980000000268e-01 2.553639239999999644e-01 2.303744729999999963e-01 2.348312239999999773e-01 1.727742999999999918e-01 9.072784800000001371e-02 2.753428270000000122e-01 1.493881860000000061e-01 1.038976790000000067e-01 2.206065399999999899e-01 1.536023209999999861e-01 1.271255269999999882e-01 9.257513800000000126e-02 9.495780599999999183e-02 3.290559069999999808e-01 2.113041310000000061e-01 2.553744729999999907e-01 2.233122360000000250e-01 3.456751054852320593e-01 3.344409280000000262e-01
9.871428570000000402e-01 9.979047620000000007e-01 9.785714290000000481e-01 9.044761900000000132e-01 9.996190480000000100e-01 9.976190480000000083e-01 9.937142859999998912e-01 9.959999999999999964e-01 9.700000399999999523e-01 9.722857140000000786e-01 9.993333329999999348e-01 9.761904759999999737e-01 9.672380950000000199e-01 9.947619049999999463e-01 9.833333329999999206e-01 9.862857140000000911e-01 9.801904759999999772e-01 9.822857140000000875e-01 9.996190480000000100e-01 9.940952379999999922e-01 9.999047620000000025e-01 9.996190480000000100e-01 1.000000000000000000e+00 9.968253970000000574e-01
7.690721649999999743e-01 8.673883159999999926e-01 6.915463920000000098e-01 8.000687290000000340e-01 8.153608249999999558e-01 8.139518900000000112e-01 8.162199309999998986e-01 8.191065290000000276e-01 7.972852900000000353e-01 8.682817870000000271e-01 8.064261169999999979e-01 6.207560140000000226e-01 8.182474229999999737e-01 8.167697590000000396e-01 8.612371129999999431e-01 8.753951890000000180e-01 8.192783509999999048e-01 8.683161509999999250e-01 8.809278350000000479e-01 8.473883159999999748e-01 8.173195879999999303e-01 8.136769759999998852e-01 9.056128293241697547e-01 9.063001149999999617e-01
7.699512200000000472e-01 8.189756099999999650e-01 8.343414630000000054e-01 7.961463409999999241e-01 7.713170729999999642e-01 7.674146340000000954e-01 7.645365849999999908e-01 7.748780490000000132e-01 7.971706999999998988e-01 8.178048780000000129e-01 7.688780490000000079e-01 8.152195119999999795e-01 7.696097559999999227e-01 7.661951220000000617e-01 8.534146340000000608e-01 8.471707320000000374e-01 8.554634150000000048e-01 8.136585370000000150e-01 8.408780490000000718e-01 8.456097559999999902e-01 7.739512190000000791e-01 7.725365849999999979e-01 8.173983739837401563e-01 8.221138209999999669e-01
6.902439020000000758e-01 7.728292679999999581e-01 7.539512200000000330e-01 7.361463409999999818e-01 7.366829270000000429e-01 7.316585370000000532e-01 7.320487809999999262e-01 7.145853659999998886e-01 7.163413899999999668e-01 7.816097559999999334e-01 7.290731709999999088e-01 7.478048779999999507e-01 7.134146340000000475e-01 7.286341459999999826e-01 8.155121950000000508e-01 8.079999999999999405e-01 8.150243900000000430e-01 7.781951220000000724e-01 8.027804880000000143e-01 8.084390240000000061e-01 7.259024390000000659e-01 7.305853659999999028e-01 7.894308943089433095e-01 7.816260159999999235e-01
6.488000000000000433e-01 7.845866670000000154e-01 5.524266669999999824e-01 4.559199999999999919e-01 6.029333329999999602e-01 5.954133329999999891e-01 5.726933329999999156e-01 6.900266670000000380e-01 5.737600099999999870e-01 3.650933329999999644e-01 7.035200000000000342e-01 3.667733329999999792e-01 4.257333329999999916e-01 5.867733330000000080e-01 5.813333330000000077e-01 5.700800000000000312e-01 3.553066670000000205e-01 3.666400000000000214e-01 7.608000000000000318e-01 6.153600000000000181e-01 6.695466669999999842e-01 5.695200000000000262e-01 7.868444444444445685e-01 7.589333329999999878e-01
4.366133329999999924e-01 5.859733329999999851e-01 4.357066670000000475e-01 4.039733329999999900e-01 5.615443679999999604e-01 5.605600000000000582e-01 4.646933329999999862e-01 4.308000000000000163e-01 3.649864999999999915e-01 3.894666670000000441e-01 4.929866670000000450e-01 4.357866670000000164e-01 4.324266670000000423e-01 5.057066669999999986e-01 4.493066670000000484e-01 4.664266670000000170e-01 4.141333329999999924e-01 4.129333329999999580e-01 6.761066669999999945e-01 5.727733329999999956e-01 4.841866670000000150e-01 4.654933329999999536e-01 7.552888888888887875e-01 7.060444440000001043e-01
8.322777780000000236e-01 1.000000000000000000e+00 4.888333329999999810e-01 4.940555560000000068e-01 6.326111110000000037e-01 6.643888890000000380e-01 6.518888889999999714e-01 7.639444440000000558e-01 1.000000000000000000e+00 4.918333329999999837e-01 8.496111109999999744e-01 4.946666670000000043e-01 5.048888889999999519e-01 7.543333329999999393e-01 4.882777779999999956e-01 4.875555560000000010e-01 4.931666670000000030e-01 4.926666670000000026e-01 9.336111109999999380e-01 5.099051559999999705e-01 6.795555559999999495e-01 6.817222219999999888e-01 7.272222222222222143e-01 9.235185190000000377e-01
7.548666670000000467e-01 9.088000000000000522e-01 5.721666670000000732e-01 4.747833329999999741e-01 8.621166670000000032e-01 8.402166670000000837e-01 8.039500000000000535e-01 8.090000000000000524e-01 5.984333400000000358e-01 6.710666670000000611e-01 8.748833329999999853e-01 6.129999999999999893e-01 7.539000000000000146e-01 8.181000000000000494e-01 7.473499999999999588e-01 7.597500000000000364e-01 7.095763750000000369e-01 7.489833329999999734e-01 8.542333329999999281e-01 8.000833330000000077e-01 8.709000000000000075e-01 8.113666670000000414e-01 9.330555555555555269e-01 9.380555559999999016e-01
7.059733329999999807e-01 7.502400000000000180e-01 6.170133329999999416e-01 6.139466670000000015e-01 6.396533329999999351e-01 6.686400000000000121e-01 6.744799999999999685e-01 6.613066670000000702e-01 3.333329999999999904e-01 3.563733329999999588e-01 7.174933329999999554e-01 5.715466670000000082e-01 3.696533329999999729e-01 6.798133330000000196e-01 6.349333329999999886e-01 7.138399999999999190e-01 5.011733329999999986e-01 4.892799999999999927e-01 8.024799999999999711e-01 8.126133329999999377e-01 6.702133329999999667e-01 6.785066670000000633e-01 7.966222222222222316e-01 7.707555559999998973e-01
7.644093180000000043e-01 8.974209650000000149e-01 8.161896840000000264e-01 7.248585690000000081e-01 8.054242929999999578e-01 8.008319470000000440e-01 8.041763729999999999e-01 8.131114809999999693e-01 9.184027500000000455e-01 8.510981699999999872e-01 7.637437599999999938e-01 8.875540769999999968e-01 7.850249579999999394e-01 9.146089849999999855e-01 7.460565720000000844e-01 8.136772049999999590e-01 8.462895169999999911e-01 8.493677200000000482e-01 8.875873540000001061e-01 8.448918470000000847e-01 7.152579029999999172e-01 8.114143090000001113e-01 9.603993344425953982e-01 9.541874649999999569e-01
8.450996849999999894e-01 8.877019940000000497e-01 8.176495280000000143e-01 7.584994750000000341e-01 8.629590770000000743e-01 8.655508920000000161e-01 8.550367259999999137e-01 8.517418679999999576e-01 8.487408899999999701e-01 8.596642179999999245e-01 8.770933890000001121e-01 8.117838409999998950e-01 8.549213009999999668e-01 8.931164740000000490e-01 8.444596009999999486e-01 8.455718779999999990e-01 8.556768099999999544e-01 8.607555090000000853e-01 9.244071350000000464e-01 8.560440709999999065e-01 8.531059809999999022e-01 8.530745020000000123e-01 9.688702343476740531e-01 9.512766700000000464e-01
9.429783880000000007e-01 9.775509959999999499e-01 7.791027200000000263e-01 9.080694509999999164e-01 9.654055369999999803e-01 9.631835840000000371e-01 9.083936379999999478e-01 8.620252550000000458e-01 9.084252000000000438e-01 8.615347259999999174e-01 8.824307920000000749e-01 7.950060709999999808e-01 8.533183579999999990e-01 9.155489240000000972e-01 9.524842159999999947e-01 9.695361829999999959e-01 9.219766879999999887e-01 9.364084509999999195e-01 9.774137929999999752e-01 9.686862550000000516e-01 8.823834390000000472e-01 9.127391940000000314e-01 9.720293022502830560e-01 9.781285409999999070e-01
9.645405409999999735e-01 9.702972970000000030e-01 8.575945950000000151e-01 9.409459459999999220e-01 9.559729729999999481e-01 9.558108109999999824e-01 9.549999999999999600e-01 9.555135129999999810e-01 9.165946499999999553e-01 9.658378380000000041e-01 9.578378379999999970e-01 7.957567570000000368e-01 9.560810809999998883e-01 9.551351350000000240e-01 9.659999999999999698e-01 9.743243240000000194e-01 9.567567570000000687e-01 9.721891890000000647e-01 9.684324320000000652e-01 9.626756759999999247e-01 9.574054050000000426e-01 9.544324320000000528e-01 9.748648648648645665e-01 9.754954949999999902e-01
7.836640000000000272e-01 9.176639999999999242e-01 8.189440000000000053e-01 6.343840000000000590e-01 8.960799999999998766e-01 8.957760000000000167e-01 8.421600000000000197e-01 8.668000000000000149e-01 7.584640000000000271e-01 8.459360000000000213e-01 8.873120000000001006e-01 8.228799999999999448e-01 7.716800000000000326e-01 8.701760000000000606e-01 8.576799999999998869e-01 8.844159999999999799e-01 8.342399999999999816e-01 8.612319999999999975e-01 9.385158970000000433e-01 8.920160000000000311e-01 8.853600000000000358e-01 8.580160000000000009e-01 9.585600000000001897e-01 9.697600000000000664e-01
9.332864320000000546e-01 9.611658290000000271e-01 8.578592959999999934e-01 6.817788940000000242e-01 9.555678390000000855e-01 9.631055279999999330e-01 9.195075379999999576e-01 9.061306529999999526e-01 9.080301699999999698e-01 8.183718590000000903e-01 9.521407029999999772e-01 8.019497490000000450e-01 8.763618090000000471e-01 9.296482409999999863e-01 8.361708540000000189e-01 8.418090449999999780e-01 8.463216080000000030e-01 8.566532659999999133e-01 8.615979900000000358e-01 8.875879399999999642e-01 9.534773870000000651e-01 9.416884420000000144e-01 9.467001675041876174e-01 9.695812400000000109e-01
9.258333329999999251e-01 9.678666670000000138e-01 9.312333329999999965e-01 7.786999999999999478e-01 9.906333330000000048e-01 9.925333330000000176e-01 9.887000000000000233e-01 9.777333329999999822e-01 9.195666799999999697e-01 9.223333329999999775e-01 9.815333330000000078e-01 9.643666670000000662e-01 9.028666670000000671e-01 9.786000000000000254e-01 9.593000000000000416e-01 9.665666670000000460e-01 9.442333330000000080e-01 9.495999999999999996e-01 9.868999999999999995e-01 9.903333329999999268e-01 9.897000000000000242e-01 9.890666670000000105e-01 9.944444444444440201e-01 9.957777780000000023e-01
9.261842109999999240e-01 9.287719300000000233e-01 5.431578950000000017e-01 5.555701750000000549e-01 7.417543859999999878e-01 7.290350879999999423e-01 7.219736840000000599e-01 7.722807019999999856e-01 9.040790699999999847e-01 5.301754389999999706e-01 8.213157890000000183e-01 5.128070179999999478e-01 6.119736839999999622e-01 7.180263159999998868e-01 6.010526320000000311e-01 5.779824559999999778e-01 5.227631579999999500e-01 5.460526319999999822e-01 9.540350879999999201e-01 6.609649120000000710e-01 7.959210529999999340e-01 7.278947370000000694e-01 9.542397660818712213e-01 9.530701750000000194e-01
9.116923080000000068e-01 9.596923079999999384e-01 5.995384620000000497e-01 5.620769230000000061e-01 8.279999999999999583e-01 8.258461540000000545e-01 8.509230770000000277e-01 9.021538459999999260e-01 8.727692500000000519e-01 5.350000000000000311e-01 8.951538459999999198e-01 5.617692309999999800e-01 7.809999999999999165e-01 8.439230770000000215e-01 6.733846150000000197e-01 6.459999999999999076e-01 4.831538459999999979e-01 6.203076920000000216e-01 9.471538459999999660e-01 7.823846150000000055e-01 8.884615379999999396e-01 8.621538459999998905e-01 9.530769230769227107e-01 9.635897440000000813e-01
9.768999999999999906e-01 9.999000000000000110e-01 8.081000000000000405e-01 7.979000000000000536e-01 9.997000000000000330e-01 9.961999999999999744e-01 9.932999999999999607e-01 9.587999999999999856e-01 9.983999999999999542e-01 8.306999999999999940e-01 9.559999999999999609e-01 8.534000000000000474e-01 7.781000000000000139e-01 9.952999999999999625e-01 8.327999999999999847e-01 9.316999999999999726e-01 7.843999999999999861e-01 8.498999999999999888e-01 9.999000000000000110e-01 9.979999999999999982e-01 9.740000000000000879e-01 9.997000000000000330e-01 1.000000000000000000e+00 1.000000000000000000e+00
9.005355579999999582e-01 9.845302900000000301e-01 7.155926249999999822e-01 7.285689199999999532e-01 9.456277440000000478e-01 9.580860399999999721e-01 8.813169450000000182e-01 9.336962250000000463e-01 9.204126299999999539e-01 9.260403859999999376e-01 9.412730470000000293e-01 7.155838450000000517e-01 7.348639159999998949e-01 8.847058819999999990e-01 7.970676030000000134e-01 9.282177350000000438e-01 9.300000000000000488e-01 9.258472340000000189e-01 9.844424929999999740e-01 8.421597890000001030e-01 9.499473219999999829e-01 9.100614570000000736e-01 9.994439566871523573e-01 9.948200179999999726e-01
9.444200000000000372e-01 9.911624999999999464e-01 4.314850000000000629e-01 6.322774999999999368e-01 1.000000000000000000e+00 9.995924999999998839e-01 9.993649999999999478e-01 9.996850000000000458e-01 6.964249999999999607e-01 9.015250000000000208e-01 9.986874999999999503e-01 4.693424999999999958e-01 9.059475000000000167e-01 9.991575000000000317e-01 8.556774999999999798e-01 9.279749999999999943e-01 8.348499999999999810e-01 8.823575000000001278e-01 9.517174999999998830e-01 9.905424999999998814e-01 9.991999999999999771e-01 1.000000000000000000e+00 9.997749999999999693e-01 1.000000000000000000e+00
5.893634839999999375e-01 7.532132890000000636e-01 6.611948629999999660e-01 6.220491350000000308e-01 7.742908990000000324e-01 7.691233950000000430e-01 7.769542149999999481e-01 7.653350079999999833e-01 6.944919400000000298e-01 7.419681740000000358e-01 7.754243440000000431e-01 6.596482409999999685e-01 7.397040759999999882e-01 7.865075379999999505e-01 7.621189279999999178e-01 7.792099390000000181e-01 6.612506980000000256e-01 7.173031829999999553e-01 8.059463990000000910e-01 8.064182020000000284e-01 7.673729759999999844e-01 7.747403690000000953e-01 7.903964265773308906e-01 8.335380609999999413e-01
5.112590729999999528e-01 6.612311560000000421e-01 5.836069240000000269e-01 5.677331100000000408e-01 7.098799550000000069e-01 6.938190950000000523e-01 6.953154659999999376e-01 6.763567840000000997e-01 5.910888100000000200e-01 6.692546059999999741e-01 6.896761590000000108e-01 5.514712449999999988e-01 6.645365720000000476e-01 7.182467900000000238e-01 7.041010609999999170e-01 7.166527079999999161e-01 6.220854270000000241e-01 6.383640420000000759e-01 7.369570069999999973e-01 7.273925179999999324e-01 6.807007259999999782e-01 6.871133449999999865e-01 6.758514796203241026e-01 7.707612130000000006e-01
5.674595199999999950e-01 6.951535459999999000e-01 5.813679510000000494e-01 5.735762140000000286e-01 6.951060859999999009e-01 6.896845340000000713e-01 6.873450590000000915e-01 6.850027920000000270e-01 6.376940700000000017e-01 6.788916809999999691e-01 7.013539920000000372e-01 5.697822449999999650e-01 6.608179789999999443e-01 7.124288109999999952e-01 7.101507540000000507e-01 7.281686209999999049e-01 6.110720270000000731e-01 6.590145170000000219e-01 7.467643769999999792e-01 7.407509770000000326e-01 6.870547179999999532e-01 6.841652709999999082e-01 7.513865624418386568e-01 7.732179420000000469e-01
8.137632609999999600e-01 9.444556109999999727e-01 8.919597990000001086e-01 7.823590169999999899e-01 9.336711329999999309e-01 9.312283640000000862e-01 9.597850359999999803e-01 9.527386940000001081e-01 7.655528000000000333e-01 9.317783359999999293e-01 9.597431600000000396e-01 8.793997770000000491e-01 9.432774990000000193e-01 9.043383579999999533e-01 9.416415409999999708e-01 9.460357340000000725e-01 8.902707979999999743e-01 9.328671130000000256e-01 9.420770520000000259e-01 9.619179230000000080e-01 9.438442209999999832e-01 9.606783920000000476e-01 8.689931137167317132e-01 9.511911409999999067e-01
9.965720309999999138e-01 9.990201170000000408e-01 9.541628809999999072e-01 9.756537959999999066e-01 9.829160770000000547e-01 9.922939650000000000e-01 9.949610640000000616e-01 9.946641790000000372e-01 9.811875500000000194e-01 9.612540559999999124e-01 9.955094100000000390e-01 7.414373779999999803e-01 9.948783259999999240e-01 9.937929920000000417e-01 9.928471770000000252e-01 9.949156390000000183e-01 9.553715120000000338e-01 9.931116159999999748e-01 9.998393899999999945e-01 9.965018490000000506e-01 9.940428290000000722e-01 9.956375729999999979e-01 9.988805970149253755e-01 9.986264329999999800e-01
8.944444440000000052e-01 9.116666669999999861e-01 7.253703700000000421e-01 7.564814809999999001e-01 8.814814809999999001e-01 8.873924429999999752e-01 8.907407409999998915e-01 8.938888890000000753e-01 7.944444200000000400e-01 9.005555559999999238e-01 8.844444440000001073e-01 6.127777779999999952e-01 8.929629629999999985e-01 8.912962959999999324e-01 8.635185190000000954e-01 9.185185190000000333e-01 8.648148150000000145e-01 9.181481479999999973e-01 9.261111109999999869e-01 8.805555559999999060e-01 8.879629629999999940e-01 8.846296290000000839e-01 8.561728395061730668e-01 8.870370370000000282e-01
5.228369910000000287e-01 6.587617550000000044e-01 2.501410660000000230e-01 3.740438870000000193e-01 7.101253920000000219e-01 7.116614420000000329e-01 7.299686520000000511e-01 6.938087769999999876e-01 4.614106399999999830e-01 5.543416930000000242e-01 7.731034479999999709e-01 4.816144199999999875e-01 6.151724140000000007e-01 7.383385579999999226e-01 5.655799369999999771e-01 5.861128529999999337e-01 5.301097179999999520e-01 5.873510969999999887e-01 5.823824450000000263e-01 6.434639500000000067e-01 7.532915359999999838e-01 7.307523509999999112e-01 6.133228840125392045e-01 7.520898640000001079e-01
6.172727270000000210e-01 7.349350650000000540e-01 4.140259739999999633e-01 4.068831170000000164e-01 6.168831169999999808e-01 6.189610389999999907e-01 5.694805189999999628e-01 5.603896099999999825e-01 6.224678999999999629e-01 4.061038960000000198e-01 6.161038960000000397e-01 3.427272729999999434e-01 4.910389609999999960e-01 6.333766229999999720e-01 5.919480520000000023e-01 6.046753249999999857e-01 3.867532470000000222e-01 4.807792210000000344e-01 7.194805190000000961e-01 6.279220779999999946e-01 5.899999999999999689e-01 5.785714279999999432e-01 7.588744588744587016e-01 7.809523809999999733e-01
7.442857140000000982e-01 8.097402599999999895e-01 5.616883120000000229e-01 6.003896100000000180e-01 7.092207790000000234e-01 7.029870129999999939e-01 6.606493500000000241e-01 6.702597399999999928e-01 7.058444499999999566e-01 5.985714289999999327e-01 7.122077920000000617e-01 5.457142860000000484e-01 6.241558440000000152e-01 7.358441559999999715e-01 6.280519479999999710e-01 6.568831170000000164e-01 5.445454549999999561e-01 5.920779219999999787e-01 7.787012990000000690e-01 6.850649349999999860e-01 6.623376619999999937e-01 6.774025970000000507e-01 7.679653679653678511e-01 8.025974029999999315e-01
8.618600000000000705e-01 9.099399999999999711e-01 6.299833329999999787e-01 7.269933330000000193e-01 8.680999999999999828e-01 8.660799999999999610e-01 8.576500000000000234e-01 8.641333329999999480e-01 7.212866500000000292e-01 8.272899999999999698e-01 8.881533329999999893e-01 5.625233330000000143e-01 8.401666669999999781e-01 8.579333329999999647e-01 8.356333329999999782e-01 8.537100000000000799e-01 6.229666670000000295e-01 8.085966669999999912e-01 8.225100000000000744e-01 8.670100000000000584e-01 8.870399999999999396e-01 8.578933329999999247e-01 8.772111111111109416e-01 9.124111109999999414e-01
7.900000000000000355e-01 8.699999999999999956e-01 6.500000000000000222e-01 6.400000000000000133e-01 6.300000000000000044e-01 6.600000000000000311e-01 5.400000000000000355e-01 5.400000000000000355e-01 7.199999999999999734e-01 5.000000000000000000e-01 8.399999999999999689e-01 6.800000000000000488e-01 7.099999999999999645e-01 5.400000000000000355e-01 7.399999999999999911e-01 8.199999999999999512e-01 7.099999999999999645e-01 7.500000000000000000e-01 9.399999999999999467e-01 6.500000000000000222e-01 6.400000000000000133e-01 5.600000000000000533e-01 8.239999999999998437e-01 8.266666670000000217e-01
7.866666666666666252e-01 8.133333333333333526e-01 5.666666666666666519e-01 9.599999999999999645e-01 9.666666666666666741e-01 9.666666666666666741e-01 8.266666666666666607e-01 8.266666666666666607e-01 6.800000000000000488e-01 9.266666666666666385e-01 8.133333333333333526e-01 9.733333333333333837e-01 9.266666666666666385e-01 9.266666666666666385e-01 9.666666666666666741e-01 9.799999999999999822e-01 9.333333333333333481e-01 8.199999999999999512e-01 9.333333333333333481e-01 9.399999999999999467e-01 8.666666666666666963e-01 9.799999999999999822e-01 9.991111111111110610e-01 9.964444440000000958e-01
8.513119533527696570e-01 7.667638483965014684e-01 9.825072886297375740e-01 9.708454810495626974e-01 9.562682215743439906e-01 9.620991253644315400e-01 9.446064139941691140e-01 9.212827988338192498e-01 9.329446064139941264e-01 9.854227405247812932e-01 9.300291545189504072e-01 9.562682215743439906e-01 9.650145772594752591e-01 9.416909620991253949e-01 9.825072886297375740e-01 9.795918367346938549e-01 9.766763848396501357e-01 9.620991253644315400e-01 9.737609329446064166e-01 9.825072886297375740e-01 9.446064139941691140e-01 9.679300291545189783e-01 9.701449275362321600e-01 9.648202140000000648e-01
3.066298342541436406e-01 4.309392265193370264e-01 4.447513812154695878e-01 4.309392265193370264e-01 3.950276243093922557e-01 4.806629834254143585e-01 4.419889502762430755e-01 4.419889502762430755e-01 3.591160220994475405e-01 4.419889502762430755e-01 3.729281767955801019e-01 4.060773480662983603e-01 4.198895027624309217e-01 4.475138121546961556e-01 4.861878453038673831e-01 5.138121546961326169e-01 4.198895027624309217e-01 4.060773480662983603e-01 6.132596685082872812e-01 4.944751381215469754e-01 3.701657458563535896e-01 5.027624309392265678e-01 8.647329650092081543e-01 8.835174949999999860e-01
3.149171270718231774e-01 4.116022099447513849e-01 3.674033149171270773e-01 3.232044198895027698e-01 4.944751381215469754e-01 4.723756906077348217e-01 3.618784530386740528e-01 3.618784530386740528e-01 4.309392265193370264e-01 2.403314917127071793e-01 3.038674033149171283e-01 2.707182320441988699e-01 4.116022099447513849e-01 3.535911602209944604e-01 3.729281767955801019e-01 4.116022099447513849e-01 3.701657458563535896e-01 3.591160220994475405e-01 4.944751381215469754e-01 4.972375690607734877e-01 4.558011049723756924e-01 4.281767955801105141e-01 7.517495395948436965e-01 8.147329650000000312e-01
9.785964912280701311e-01 9.782456140350876961e-01 7.596491228070175739e-01 9.298245614035087758e-01 9.028070175438596134e-01 8.301754385964912331e-01 8.049122807017543568e-01 8.049122807017543568e-01 9.992982456140351299e-01 9.610526315789473806e-01 9.140350877192982004e-01 7.740350877192982981e-01 8.136842105263157876e-01 8.087719298245613642e-01 9.519298245614035148e-01 9.971929824561402977e-01 9.754385964912281048e-01 9.852631578947368407e-01 9.992982456140351299e-01 9.954385964912281226e-01 8.828070175438595957e-01 9.084210526315789069e-01 9.967368421052633654e-01 9.957426900000000414e-01
9.305263157894736459e-01 8.842105263157894468e-01 7.284210526315789691e-01 7.389473684210526860e-01 8.347368421052631104e-01 7.147368421052631149e-01 6.757894736842104955e-01 6.757894736842104955e-01 9.905263157894736992e-01 8.392982456140350989e-01 7.035087719298245279e-01 7.491228070175438569e-01 6.792982456140350678e-01 6.757894736842104955e-01 7.561403508771930015e-01 9.870175438596491269e-01 9.052631578947368807e-01 8.470175438596491135e-01 9.989473684210525839e-01 9.049122807017543346e-01 7.866666666666666252e-01 7.582456140350877227e-01 9.494736842105263586e-01 9.488304090000000413e-01
9.810126582278481111e-01 1.000000000000000000e+00 9.493670886075948889e-01 9.398734177215190000e-01 9.968354430379746667e-01 9.841772151898734444e-01 9.683544303797468888e-01 9.683544303797468888e-01 9.430379746835443333e-01 9.556962025316455556e-01 9.968354430379746667e-01 7.658227848101265556e-01 9.810126582278481111e-01 9.778481012658227778e-01 9.651898734177215555e-01 9.620253164556962222e-01 8.860759493670885556e-01 9.177215189873417778e-01 9.810126582278481111e-01 9.905063291139240000e-01 9.810126582278481111e-01 9.968354430379746667e-01 9.944092827004216151e-01 9.840717300000000334e-01
9.841772151898734444e-01 1.000000000000000000e+00 8.987341772151898889e-01 9.050632911392405555e-01 9.841772151898734444e-01 9.936708860759493334e-01 9.936708860759493334e-01 9.936708860759493334e-01 9.272151898734176667e-01 9.651898734177215555e-01 9.873417721518987777e-01 7.436708860759493334e-01 9.873417721518987777e-01 9.936708860759493334e-01 9.905063291139240000e-01 9.936708860759493334e-01 9.715189873417721111e-01 9.936708860759493334e-01 9.746835443037974445e-01 9.936708860759493334e-01 9.715189873417721111e-01 9.905063291139240000e-01 9.900843881856538076e-01 9.983122359999999640e-01
9.492063492063491648e-01 1.000000000000000000e+00 1.000000000000000000e+00 9.904761904761905100e-01 1.000000000000000000e+00 1.000000000000000000e+00 1.000000000000000000e+00 1.000000000000000000e+00 8.920634920634921139e-01 1.000000000000000000e+00 1.000000000000000000e+00 1.000000000000000000e+00 1.000000000000000000e+00 1.000000000000000000e+00 1.000000000000000000e+00 1.000000000000000000e+00 1.000000000000000000e+00 9.968253968253968367e-01 9.650793650793650924e-01 1.000000000000000000e+00 1.000000000000000000e+00 1.000000000000000000e+00 1.000000000000000000e+00 1.000000000000000000e+00
8.403361344537815247e-01 9.579831932773109626e-01 7.226890756302520868e-01 6.134453781512605453e-01 8.403361344537815247e-01 8.907563025210084584e-01 6.806722689075630495e-01 6.806722689075630495e-01 9.243697478991597105e-01 7.815126050420168058e-01 8.487394957983193100e-01 6.302521008403361158e-01 7.142857142857143016e-01 7.478991596638655537e-01 7.394957983193277684e-01 7.647058823529411242e-01 7.563025210084033390e-01 7.899159663865545911e-01 9.831932773109243184e-01 8.235294117647058432e-01 8.067226890756302726e-01 8.151260504201680579e-01 9.554621848739496270e-01 9.532212890000000272e-01
9.156626506024095891e-01 9.959839357429718376e-01 1.000000000000000000e+00 9.598393574297188202e-01 1.000000000000000000e+00 1.000000000000000000e+00 1.000000000000000000e+00 1.000000000000000000e+00 9.277108433734939652e-01 1.000000000000000000e+00 1.000000000000000000e+00 1.000000000000000000e+00 1.000000000000000000e+00 1.000000000000000000e+00 1.000000000000000000e+00 9.959839357429718376e-01 1.000000000000000000e+00 1.000000000000000000e+00 9.959839357429718376e-01 1.000000000000000000e+00 1.000000000000000000e+00 1.000000000000000000e+00 1.000000000000000000e+00 1.000000000000000000e+00
7.831325301204818956e-01 9.959839357429718376e-01 1.000000000000000000e+00 9.919678714859437862e-01 1.000000000000000000e+00 1.000000000000000000e+00 1.000000000000000000e+00 1.000000000000000000e+00 8.473895582329317167e-01 1.000000000000000000e+00 1.000000000000000000e+00 1.000000000000000000e+00 1.000000000000000000e+00 1.000000000000000000e+00 1.000000000000000000e+00 1.000000000000000000e+00 1.000000000000000000e+00 1.000000000000000000e+00 8.192771084337349130e-01 1.000000000000000000e+00 1.000000000000000000e+00 1.000000000000000000e+00 3.962516733601072483e-01 1.000000000000000000e+00
7.121649484536082264e-01 8.536082474226803773e-01 7.760824742268040977e-01 6.824742268041237292e-01 9.125773195876288879e-01 8.045360824742268102e-01 8.354639175257732031e-01 8.350515463917526082e-01 7.711340206185567370e-01 7.880412371134020155e-01 8.725773195876288524e-01 8.016494845360824240e-01 8.379381443298968835e-01 8.597938144329897447e-01 8.000000000000000444e-01 8.185567010309278135e-01 7.934020618556700821e-01 8.263917525773195605e-01 9.451546391752577714e-01 8.560824742268041687e-01 7.274226804123711254e-01 8.391752577319587791e-01 9.162474226804124822e-01 9.133333329999999695e-01
6.682692307692307265e-01 9.519230769230768718e-01 1.923076923076923184e-02 9.615384615384615918e-02 2.067307692307692180e-01 1.682692307692307820e-01 9.134615384615384082e-02 9.134615384615384082e-02 3.076923076923077094e-01 7.211538461538460898e-02 2.740384615384615641e-01 6.250000000000000000e-02 9.134615384615384082e-02 1.346153846153846090e-01 1.105769230769230727e-01 1.442307692307692180e-01 1.153846153846153910e-01 1.201923076923076955e-01 9.711538461538461453e-01 3.173076923076922906e-01 2.548076923076922906e-01 1.875000000000000000e-01 4.370192307692307154e-01 9.221153850000000096e-01
9.471153846153845812e-01 9.855769230769231282e-01 5.288461538461538408e-02 6.730769230769230449e-02 6.778846153846154188e-01 4.807692307692307820e-01 2.884615384615384359e-01 2.884615384615384359e-01 4.759615384615384359e-01 1.057692307692307682e-01 8.028846153846154188e-01 3.846153846153846367e-02 2.884615384615384359e-01 4.182692307692307820e-01 2.403846153846153910e-01 2.596153846153846367e-01 2.259615384615384637e-01 2.307692307692307820e-01 9.807692307692307265e-01 3.173076923076922906e-01 4.519230769230769273e-01 5.048076923076922906e-01 9.536858974358973784e-01 9.333333329999999872e-01
8.269230769230768718e-01 9.615384615384615641e-01 4.326923076923076816e-02 6.250000000000000000e-02 3.413461538461538547e-01 3.269230769230769273e-01 1.394230769230769273e-01 1.442307692307692180e-01 4.807692307692307820e-01 1.346153846153846090e-01 6.538461538461538547e-01 4.326923076923076816e-02 1.009615384615384637e-01 2.019230769230769273e-01 1.442307692307692180e-01 1.875000000000000000e-01 1.394230769230769273e-01 1.490384615384615363e-01 9.471153846153845812e-01 2.067307692307692180e-01 5.000000000000000000e-01 2.067307692307692180e-01 4.540064102564102533e-01 9.052884620000000160e-01
8.222222222222221877e-01 9.000000000000000222e-01 9.611111111111111382e-01 9.888888888888889284e-01 9.000000000000000222e-01 9.777777777777777457e-01 9.777777777777777457e-01 9.777777777777777457e-01 8.888888888888888395e-01 9.888888888888889284e-01 9.555555555555556024e-01 9.833333333333332815e-01 9.555555555555556024e-01 9.611111111111111382e-01 1.000000000000000000e+00 1.000000000000000000e+00 9.833333333333332815e-01 9.888888888888889284e-01 9.611111111111111382e-01 1.000000000000000000e+00 7.944444444444443976e-01 9.499999999999999556e-01 8.861111111111109606e-01 9.862962959999999057e-01
6.400000000000000133e-01 8.399999999999999689e-01 5.600000000000000533e-01 5.000000000000000000e-01 8.000000000000000444e-01 4.799999999999999822e-01 6.400000000000000133e-01 6.400000000000000133e-01 5.400000000000000355e-01 2.600000000000000089e-01 6.600000000000000311e-01 5.000000000000000000e-01 8.000000000000000444e-01 6.199999999999999956e-01 5.799999999999999600e-01 7.399999999999999911e-01 8.399999999999999689e-01 7.600000000000000089e-01 9.200000000000000400e-01 8.599999999999999867e-01 5.200000000000000178e-01 5.799999999999999600e-01 4.160000000000000364e-01 6.280000000000000027e-01
7.399999999999999911e-01 8.833333333333333037e-01 6.033333333333333881e-01 7.783333333333333215e-01 9.150000000000000355e-01 9.383333333333333526e-01 8.983333333333333171e-01 8.983333333333333171e-01 8.399999999999999689e-01 5.383333333333333304e-01 9.050000000000000266e-01 5.466666666666666341e-01 8.116666666666666474e-01 8.249999999999999556e-01 8.299999999999999600e-01 9.566666666666666652e-01 7.833333333333333259e-01 6.983333333333333615e-01 9.233333333333333393e-01 9.449999999999999512e-01 9.316666666666666430e-01 9.499999999999999556e-01 8.088888888888892126e-01 8.846666670000000732e-01
4.199999999999999845e-01 6.177777777777777590e-01 3.822222222222222410e-01 4.066666666666666763e-01 7.866666666666666252e-01 8.355555555555556069e-01 5.977777777777777413e-01 5.955555555555555047e-01 5.488888888888888706e-01 2.622222222222222454e-01 6.888888888888888840e-01 3.311111111111111338e-01 5.355555555555555625e-01 5.999999999999999778e-01 4.955555555555555824e-01 6.266666666666667052e-01 4.644444444444444375e-01 4.244444444444444575e-01 7.666666666666667185e-01 8.444444444444444420e-01 7.733333333333333171e-01 8.088888888888888795e-01 4.209629629629629277e-01 5.515555560000000579e-01
6.777777777777778123e-01 8.222222222222221877e-01 4.044444444444444398e-01 5.533333333333333437e-01 8.711111111111110583e-01 8.911111111111110761e-01 7.911111111111110983e-01 7.888888888888888618e-01 7.466666666666667007e-01 2.977777777777777524e-01 8.222222222222221877e-01 3.955555555555555491e-01 7.133333333333333748e-01 6.933333333333333570e-01 6.622222222222222676e-01 8.488888888888889150e-01 7.511111111111110628e-01 6.622222222222222676e-01 8.955555555555555491e-01 8.977777777777777857e-01 8.599999999999999867e-01 9.088888888888888573e-01 5.547407407407406454e-01 7.628888890000000700e-01
5.400000000000000355e-01 3.933333333333333126e-01 9.933333333333332904e-01 8.266666666666666607e-01 8.533333333333333881e-01 9.133333333333333304e-01 9.533333333333333659e-01 9.533333333333333659e-01 6.666666666666666297e-01 9.200000000000000400e-01 9.933333333333332904e-01 9.933333333333332904e-01 9.399999999999999467e-01 8.599999999999999867e-01 9.866666666666666918e-01 9.933333333333332904e-01 8.199999999999999512e-01 8.866666666666667140e-01 9.266666666666666385e-01 9.866666666666666918e-01 7.466666666666667007e-01 8.599999999999999867e-01 9.928888888888888209e-01 9.846666670000000510e-01
9.722222222222222099e-01 9.861111111111111605e-01 9.305555555555555802e-01 6.875000000000000000e-01 9.652777777777777901e-01 9.722222222222222099e-01 8.055555555555555802e-01 8.055555555555555802e-01 8.611111111111111605e-01 8.194444444444444198e-01 7.777777777777777901e-01 8.194444444444444198e-01 7.013888888888888395e-01 8.819444444444444198e-01 8.680555555555555802e-01 1.000000000000000000e+00 8.472222222222222099e-01 8.125000000000000000e-01 9.444444444444444198e-01 9.236111111111111605e-01 8.819444444444444198e-01 9.722222222222222099e-01 9.525462962962966129e-01 9.798611109999999513e-01
5.797619047619048116e-01 6.871428571428571663e-01 5.767261904761904479e-01 6.524999999999999689e-01 7.098809523809523903e-01 7.053571428571429047e-01 7.282142857142857029e-01 7.260119047619048027e-01 5.709523809523809890e-01 6.893452380952380665e-01 7.276785714285713969e-01 5.488690476190476453e-01 7.339285714285713746e-01 7.249404761904761907e-01 7.573809523809523769e-01 7.789285714285714146e-01 6.782142857142857695e-01 7.337500000000000133e-01 7.351190476190476719e-01 7.480952380952381464e-01 6.645238095238095166e-01 6.862500000000000266e-01 7.638015873015874257e-01 7.932559519999999864e-01
4.959999999999999964e-01 4.560000000000000164e-01 4.040000000000000258e-01 4.560000000000000164e-01 3.099999999999999978e-01 2.760000000000000231e-01 2.740000000000000213e-01 2.740000000000000213e-01 6.219999999999999973e-01 5.420000000000000373e-01 3.079999999999999960e-01 3.559999999999999831e-01 3.240000000000000102e-01 2.899999999999999800e-01 4.580000000000000182e-01 7.019999999999999574e-01 7.239999999999999769e-01 7.760000000000000231e-01 7.099999999999999645e-01 5.040000000000000036e-01 2.600000000000000089e-01 2.640000000000000124e-01 8.525333333333333652e-01 8.751333329999999577e-01
8.041237113402062153e-01 9.171134020618556537e-01 8.111340206185566615e-01 7.835051546391752497e-01 9.670103092783505216e-01 8.894845360824742420e-01 8.973195876288659889e-01 8.969072164948453940e-01 8.870103092783505616e-01 8.857731958762886659e-01 9.249484536082474007e-01 7.698969072164948413e-01 8.956701030927834983e-01 9.212371134020618246e-01 8.820618556701030899e-01 9.088659793814433119e-01 8.181443298969072186e-01 8.668041237113401909e-01 9.674226804123711165e-01 9.303092783505154673e-01 7.983505154639175538e-01 9.006185567010309700e-01 9.700756013745706063e-01 9.663780069999999833e-01
